{"mesh":{"vertices":[{"position":{"x":-1.0,"y":1.0,"z":1.0},"color":{"r":1.0,"g":0.0,"b":0.0,"a":1.0},"normal":{"x":0.0,"y":0.0,"z":1.0},"influence":{"data":[{"boneId":"Armature_Bone","weight":0.9351819},{"boneId":"Armature_Bone_001","weight":0.06481808}]}},{"position":{"x":1.0,"y":-1.0,"z":1.0},"color":{"r":1.0,"g":0.0,"b":0.0,"a":1.0},"normal":{"x":0.0,"y":0.0,"z":1.0},"influence":{"data":[{"boneId":"Armature_Bone","weight":1.0}]}},{"position":{"x":1.0,"y":1.0,"z":1.0},"color":{"r":1.0,"g":0.0,"b":0.0,"a":1.0},"normal":{"x":0.0,"y":0.0,"z":1.0},"influence":{"data":[{"boneId":"Armature_Bone","weight":0.9866456},{"boneId":"Armature_Bone_001","weight":0.01335448}]}},{"position":{"x":1.0,"y":-1.0,"z":1.0},"color":{"r":1.0,"g":0.0,"b":0.0,"a":1.0},"normal":{"x":0.0,"y":-1.0,"z":0.0},"influence":{"data":[{"boneId":"Armature_Bone","weight":1.0}]}},{"position":{"x":-1.0,"y":-1.0,"z":-1.0},"color":{"r":1.0,"g":0.0,"b":0.0,"a":1.0},"normal":{"x":0.0,"y":-1.0,"z":0.0},"influence":{"data":[{"boneId":"Armature_Bone","weight":0.9398069},{"boneId":"Armature_Bone_001","weight":0.06019312}]}},{"position":{"x":1.0,"y":-1.0,"z":-1.0},"color":{"r":1.0,"g":0.0,"b":0.0,"a":1.0},"normal":{"x":0.0,"y":-1.0,"z":0.0},"influence":{"data":[{"boneId":"Armature_Bone","weight":1.0}]}},{"position":{"x":-1.0,"y":-1.0,"z":1.0},"color":{"r":1.0,"g":0.0,"b":0.0,"a":1.0},"normal":{"x":-1.0,"y":0.0,"z":0.0},"influence":{"data":[{"boneId":"Armature_Bone","weight":1.0}]}},{"position":{"x":-1.0,"y":1.0,"z":-1.0},"color":{"r":1.0,"g":0.0,"b":0.0,"a":1.0},"normal":{"x":-1.0,"y":0.0,"z":0.0},"influence":{"data":[{"boneId":"Armature_Bone","weight":0.550768},{"boneId":"Armature_Bone_001","weight":0.4492321}]}},{"position":{"x":-1.0,"y":-1.0,"z":-1.0},"color":{"r":1.0,"g":0.0,"b":0.0,"a":1.0},"normal":{"x":-1.0,"y":0.0,"z":0.0},"influence":{"data":[{"boneId":"Armature_Bone","weight":0.9398069},{"boneId":"Armature_Bone_001","weight":0.06019312}]}},{"position":{"x":1.0,"y":1.0,"z":-1.0},"color":{"r":1.0,"g":0.0,"b":0.0,"a":1.0},"normal":{"x":0.0,"y":0.0,"z":-1.0},"influence":{"data":[{"boneId":"Armature_Bone","weight":0.9257767},{"boneId":"Armature_Bone_001","weight":0.07422333}]}},{"position":{"x":-1.0,"y":-1.0,"z":-1.0},"color":{"r":1.0,"g":0.0,"b":0.0,"a":1.0},"normal":{"x":0.0,"y":0.0,"z":-1.0},"influence":{"data":[{"boneId":"Armature_Bone","weight":0.9398069},{"boneId":"Armature_Bone_001","weight":0.06019312}]}},{"position":{"x":-1.0,"y":1.0,"z":-1.0},"color":{"r":1.0,"g":0.0,"b":0.0,"a":1.0},"normal":{"x":0.0,"y":0.0,"z":-1.0},"influence":{"data":[{"boneId":"Armature_Bone","weight":0.550768},{"boneId":"Armature_Bone_001","weight":0.4492321}]}},{"position":{"x":1.0,"y":1.0,"z":1.0},"color":{"r":1.0,"g":0.0,"b":0.0,"a":1.0},"normal":{"x":1.0,"y":0.0,"z":0.0},"influence":{"data":[{"boneId":"Armature_Bone","weight":0.9866456},{"boneId":"Armature_Bone_001","weight":0.01335448}]}},{"position":{"x":1.0,"y":-1.0,"z":-1.0},"color":{"r":1.0,"g":0.0,"b":0.0,"a":1.0},"normal":{"x":1.0,"y":0.0,"z":0.0},"influence":{"data":[{"boneId":"Armature_Bone","weight":1.0}]}},{"position":{"x":1.0,"y":1.0,"z":-1.0},"color":{"r":1.0,"g":0.0,"b":0.0,"a":1.0},"normal":{"x":1.0,"y":0.0,"z":0.0},"influence":{"data":[{"boneId":"Armature_Bone","weight":0.9257767},{"boneId":"Armature_Bone_001","weight":0.07422333}]}},{"position":{"x":-1.0,"y":1.0,"z":1.0},"color":{"r":1.0,"g":0.0,"b":0.0,"a":1.0},"normal":{"x":-1.0,"y":0.0,"z":0.0},"influence":{"data":[{"boneId":"Armature_Bone","weight":0.9351819},{"boneId":"Armature_Bone_001","weight":0.06481808}]}},{"position":{"x":-1.0,"y":4.584764,"z":-1.0},"color":{"r":1.0,"g":0.0,"b":0.0,"a":1.0},"normal":{"x":-1.0,"y":0.0,"z":0.0},"influence":{"data":[{"boneId":"Armature_Bone_001","weight":0.9212812},{"boneId":"Armature_Bone_002","weight":0.07871872}]}},{"position":{"x":-1.0,"y":4.584764,"z":1.0},"color":{"r":1.0,"g":0.0,"b":0.0,"a":1.0},"normal":{"x":-1.0,"y":0.0,"z":0.0},"influence":{"data":[{"boneId":"Armature_Bone_001","weight":0.5110178},{"boneId":"Armature_Bone_002","weight":0.4889822}]}},{"position":{"x":-1.0,"y":7.162009,"z":-1.0},"color":{"r":1.0,"g":0.0,"b":0.0,"a":1.0},"normal":{"x":-1.0,"y":0.0,"z":0.0},"influence":{"data":[{"boneId":"Armature_Bone_001","weight":0.003674268},{"boneId":"Armature_Bone_002","weight":0.5262957},{"boneId":"Armature_Bone_003","weight":0.47003}]}},{"position":{"x":1.0,"y":4.584764,"z":-1.0},"color":{"r":1.0,"g":0.0,"b":0.0,"a":1.0},"normal":{"x":0.0,"y":0.0,"z":-1.0},"influence":{"data":[{"boneId":"Armature_Bone","weight":0.02099055},{"boneId":"Armature_Bone_001","weight":0.8849697},{"boneId":"Armature_Bone_002","weight":0.09403973}]}},{"position":{"x":-1.0,"y":4.584764,"z":1.0},"color":{"r":1.0,"g":0.0,"b":0.0,"a":1.0},"normal":{"x":0.0,"y":0.0,"z":1.0},"influence":{"data":[{"boneId":"Armature_Bone_001","weight":0.5110178},{"boneId":"Armature_Bone_002","weight":0.4889822}]}},{"position":{"x":1.0,"y":4.584764,"z":1.0},"color":{"r":1.0,"g":0.0,"b":0.0,"a":1.0},"normal":{"x":1.0,"y":0.0,"z":0.0},"influence":{"data":[{"boneId":"Armature_Bone_001","weight":0.5100108},{"boneId":"Armature_Bone_002","weight":0.4899892}]}},{"position":{"x":-1.0,"y":7.162009,"z":1.0},"color":{"r":1.0,"g":0.0,"b":0.0,"a":1.0},"normal":{"x":-1.0,"y":0.0,"z":0.0},"influence":{"data":[{"boneId":"Armature_Bone_001","weight":0.01225578},{"boneId":"Armature_Bone_002","weight":0.89877},{"boneId":"Armature_Bone_003","weight":0.08897411}]}},{"position":{"x":-1.0,"y":10.1634,"z":-1.0},"color":{"r":1.0,"g":0.0,"b":0.0,"a":1.0},"normal":{"x":-1.0,"y":0.0,"z":0.0},"influence":{"data":[{"boneId":"Armature_Bone_002","weight":0.05507463},{"boneId":"Armature_Bone_003","weight":0.9449253}]}},{"position":{"x":-1.0,"y":4.584764,"z":-1.0},"color":{"r":1.0,"g":0.0,"b":0.0,"a":1.0},"normal":{"x":0.0,"y":0.0,"z":-1.0},"influence":{"data":[{"boneId":"Armature_Bone_001","weight":0.9212812},{"boneId":"Armature_Bone_002","weight":0.07871872}]}},{"position":{"x":1.0,"y":7.162009,"z":-1.0},"color":{"r":1.0,"g":0.0,"b":0.0,"a":1.0},"normal":{"x":0.0,"y":0.0,"z":-1.0},"influence":{"data":[{"boneId":"Armature_Bone_001","weight":0.04970645},{"boneId":"Armature_Bone_002","weight":0.8623512},{"boneId":"Armature_Bone_003","weight":0.08794218}]}},{"position":{"x":1.0,"y":4.584764,"z":1.0},"color":{"r":1.0,"g":0.0,"b":0.0,"a":1.0},"normal":{"x":0.0,"y":0.0,"z":1.0},"influence":{"data":[{"boneId":"Armature_Bone_001","weight":0.5100108},{"boneId":"Armature_Bone_002","weight":0.4899892}]}},{"position":{"x":-1.0,"y":7.162009,"z":1.0},"color":{"r":1.0,"g":0.0,"b":0.0,"a":1.0},"normal":{"x":0.0,"y":0.0,"z":1.0},"influence":{"data":[{"boneId":"Armature_Bone_001","weight":0.01225578},{"boneId":"Armature_Bone_002","weight":0.89877},{"boneId":"Armature_Bone_003","weight":0.08897411}]}},{"position":{"x":1.0,"y":4.584764,"z":-1.0},"color":{"r":1.0,"g":0.0,"b":0.0,"a":1.0},"normal":{"x":1.0,"y":0.0,"z":0.0},"influence":{"data":[{"boneId":"Armature_Bone","weight":0.02099055},{"boneId":"Armature_Bone_001","weight":0.8849697},{"boneId":"Armature_Bone_002","weight":0.09403973}]}},{"position":{"x":1.0,"y":7.162009,"z":1.0},"color":{"r":1.0,"g":0.0,"b":0.0,"a":1.0},"normal":{"x":1.0,"y":0.0,"z":0.0},"influence":{"data":[{"boneId":"Armature_Bone_001","weight":0.02152371},{"boneId":"Armature_Bone_002","weight":0.9174323},{"boneId":"Armature_Bone_003","weight":0.06104403}]}},{"position":{"x":-1.0,"y":10.1634,"z":1.0},"color":{"r":1.0,"g":0.0,"b":0.0,"a":1.0},"normal":{"x":0.0,"y":1.0,"z":0.0},"influence":{"data":[{"boneId":"Armature_Bone_002","weight":0.07757949},{"boneId":"Armature_Bone_003","weight":0.9224205}]}},{"position":{"x":1.0,"y":10.1634,"z":-1.0},"color":{"r":1.0,"g":0.0,"b":0.0,"a":1.0},"normal":{"x":0.0,"y":1.0,"z":0.0},"influence":{"data":[{"boneId":"Armature_Bone_002","weight":0.07451111},{"boneId":"Armature_Bone_003","weight":0.9254888}]}},{"position":{"x":-1.0,"y":10.1634,"z":-1.0},"color":{"r":1.0,"g":0.0,"b":0.0,"a":1.0},"normal":{"x":0.0,"y":1.0,"z":0.0},"influence":{"data":[{"boneId":"Armature_Bone_002","weight":0.05507463},{"boneId":"Armature_Bone_003","weight":0.9449253}]}},{"position":{"x":-1.0,"y":7.162009,"z":-1.0},"color":{"r":1.0,"g":0.0,"b":0.0,"a":1.0},"normal":{"x":0.0,"y":0.0,"z":-1.0},"influence":{"data":[{"boneId":"Armature_Bone_001","weight":0.003674268},{"boneId":"Armature_Bone_002","weight":0.5262957},{"boneId":"Armature_Bone_003","weight":0.47003}]}},{"position":{"x":1.0,"y":10.1634,"z":-1.0},"color":{"r":1.0,"g":0.0,"b":0.0,"a":1.0},"normal":{"x":0.0,"y":0.0,"z":-1.0},"influence":{"data":[{"boneId":"Armature_Bone_002","weight":0.07451111},{"boneId":"Armature_Bone_003","weight":0.9254888}]}},{"position":{"x":1.0,"y":7.162009,"z":1.0},"color":{"r":1.0,"g":0.0,"b":0.0,"a":1.0},"normal":{"x":0.0,"y":0.0,"z":1.0},"influence":{"data":[{"boneId":"Armature_Bone_001","weight":0.02152371},{"boneId":"Armature_Bone_002","weight":0.9174323},{"boneId":"Armature_Bone_003","weight":0.06104403}]}},{"position":{"x":-1.0,"y":10.1634,"z":1.0},"color":{"r":1.0,"g":0.0,"b":0.0,"a":1.0},"normal":{"x":0.0,"y":0.0,"z":1.0},"influence":{"data":[{"boneId":"Armature_Bone_002","weight":0.07757949},{"boneId":"Armature_Bone_003","weight":0.9224205}]}},{"position":{"x":1.0,"y":7.162009,"z":-1.0},"color":{"r":1.0,"g":0.0,"b":0.0,"a":1.0},"normal":{"x":1.0,"y":0.0,"z":0.0},"influence":{"data":[{"boneId":"Armature_Bone_001","weight":0.04970645},{"boneId":"Armature_Bone_002","weight":0.8623512},{"boneId":"Armature_Bone_003","weight":0.08794218}]}},{"position":{"x":1.0,"y":10.1634,"z":1.0},"color":{"r":1.0,"g":0.0,"b":0.0,"a":1.0},"normal":{"x":1.0,"y":0.0,"z":0.0},"influence":{"data":[{"boneId":"Armature_Bone_002","weight":0.09428739},{"boneId":"Armature_Bone_003","weight":0.9057126}]}},{"position":{"x":-1.0,"y":-1.0,"z":1.0},"color":{"r":1.0,"g":0.0,"b":0.0,"a":1.0},"normal":{"x":0.0,"y":0.0,"z":1.0},"influence":{"data":[{"boneId":"Armature_Bone","weight":1.0}]}},{"position":{"x":-1.0,"y":-1.0,"z":1.0},"color":{"r":1.0,"g":0.0,"b":0.0,"a":1.0},"normal":{"x":0.0,"y":-1.0,"z":0.0},"influence":{"data":[{"boneId":"Armature_Bone","weight":1.0}]}},{"position":{"x":1.0,"y":-1.0,"z":-1.0},"color":{"r":1.0,"g":0.0,"b":0.0,"a":1.0},"normal":{"x":0.0,"y":0.0,"z":-1.0},"influence":{"data":[{"boneId":"Armature_Bone","weight":1.0}]}},{"position":{"x":1.0,"y":-1.0,"z":1.0},"color":{"r":1.0,"g":0.0,"b":0.0,"a":1.0},"normal":{"x":1.0,"y":0.0,"z":0.0},"influence":{"data":[{"boneId":"Armature_Bone","weight":1.0}]}},{"position":{"x":-1.0,"y":10.1634,"z":1.0},"color":{"r":1.0,"g":0.0,"b":0.0,"a":1.0},"normal":{"x":-1.0,"y":0.0,"z":0.0},"influence":{"data":[{"boneId":"Armature_Bone_002","weight":0.07757949},{"boneId":"Armature_Bone_003","weight":0.9224205}]}},{"position":{"x":1.0,"y":10.1634,"z":1.0},"color":{"r":1.0,"g":0.0,"b":0.0,"a":1.0},"normal":{"x":0.0,"y":1.0,"z":0.0},"influence":{"data":[{"boneId":"Armature_Bone_002","weight":0.09428739},{"boneId":"Armature_Bone_003","weight":0.9057126}]}},{"position":{"x":-1.0,"y":10.1634,"z":-1.0},"color":{"r":1.0,"g":0.0,"b":0.0,"a":1.0},"normal":{"x":0.0,"y":0.0,"z":-1.0},"influence":{"data":[{"boneId":"Armature_Bone_002","weight":0.05507463},{"boneId":"Armature_Bone_003","weight":0.9449253}]}},{"position":{"x":1.0,"y":10.1634,"z":1.0},"color":{"r":1.0,"g":0.0,"b":0.0,"a":1.0},"normal":{"x":0.0,"y":0.0,"z":1.0},"influence":{"data":[{"boneId":"Armature_Bone_002","weight":0.09428739},{"boneId":"Armature_Bone_003","weight":0.9057126}]}},{"position":{"x":1.0,"y":10.1634,"z":-1.0},"color":{"r":1.0,"g":0.0,"b":0.0,"a":1.0},"normal":{"x":1.0,"y":0.0,"z":0.0},"influence":{"data":[{"boneId":"Armature_Bone_002","weight":0.07451111},{"boneId":"Armature_Bone_003","weight":0.9254888}]}}],"verticesOrder":[0,1,2,3,4,5,6,7,8,9,10,11,12,13,14,15,16,7,17,18,16,11,19,9,2,20,0,14,21,12,22,23,18,24,25,19,26,27,20,28,29,21,30,31,32,33,34,25,35,36,27,37,38,29,0,39,1,3,40,4,6,15,7,9,41,10,12,42,13,15,17,16,17,22,18,11,24,19,2,26,20,14,28,21,22,43,23,24,33,25,26,35,27,28,37,29,30,44,31,33,45,34,35,46,36,37,47,38]},"armature":{"type":"collada.Armature","rootBone":{"id":"Armature","childs":[{"id":"Armature_Bone","childs":[{"id":"Armature_Bone_001","childs":[{"id":"Armature_Bone_002","childs":[{"id":"Armature_Bone_003","childs":[],"transformation":{"matrix":[0.9997127,0.0239575,8.01889E-4,1.49012E-8,-0.02392581,0.9993243,-0.02790345,2.593326,-0.001469844,0.02787625,0.9996104,-1.49012E-8,0.0,0.0,0.0,1.0]},"weights":[]}],"transformation":{"matrix":[0.9999043,-0.01382219,-4.95451E-4,1.86265E-9,0.01383097,0.9993867,0.03217027,3.564553,5.04839E-5,-0.03217405,0.9994823,-3.72529E-9,0.0,0.0,0.0,1.0]},"weights":[]}],"transformation":{"matrix":[0.9997814,0.02088615,9.83692E-4,3.72529E-9,-0.02085594,0.9994846,-0.02440107,2.024347,-0.00149283,0.02437522,0.9997018,0.0,0.0,0.0,0.0,1.0]},"weights":[]}],"transformation":{"matrix":[0.9996726,-0.02558835,1.90125E-5,0.05042343,0.02558467,0.9995409,0.01623206,-0.9864383,-4.34355E-4,-0.01622626,0.9998683,0.00237368,0.0,0.0,0.0,1.0]},"weights":[]}],"transformation":{"matrix":[1.0,0.0,0.0,0.0,0.0,1.0,0.0,0.0,0.0,0.0,1.0,0.0,0.0,0.0,0.0,1.0]},"weights":[]}},"animations":{"type":"collada.Animations","animations":[{"name":"action_container-Armature","boneId":"Armature_Bone_001","keyFrames":[{"time":0.04166662,"transformation":{"matrix":[0.8023648,0.5968204,-0.004021083,7.45058E-9,-0.596734,0.8020888,-0.02370802,2.024347,-0.01092417,0.021422,0.9997109,0.0,0.0,0.0,0.0,1.0]},"interpolation":"LINEAR"},{"time":0.08333331,"transformation":{"matrix":[0.8023648,0.5968204,-0.004021083,7.45058E-9,-0.596734,0.8020888,-0.02370802,2.024347,-0.01092417,0.021422,0.9997109,0.0,0.0,0.0,0.0,1.0]},"interpolation":"LINEAR"},{"time":0.125,"transformation":{"matrix":[0.8023648,0.5968204,-0.004021083,7.45058E-9,-0.596734,0.8020888,-0.02370802,2.024347,-0.01092417,0.021422,0.9997109,0.0,0.0,0.0,0.0,1.0]},"interpolation":"LINEAR"},{"time":0.1666666,"transformation":{"matrix":[0.8023648,0.5968204,-0.004021083,7.45058E-9,-0.596734,0.8020888,-0.02370802,2.024347,-0.01092417,0.021422,0.9997109,0.0,0.0,0.0,0.0,1.0]},"interpolation":"LINEAR"},{"time":0.2083333,"transformation":{"matrix":[0.8023648,0.5968204,-0.004021083,7.45058E-9,-0.596734,0.8020888,-0.02370802,2.024347,-0.01092417,0.021422,0.9997109,0.0,0.0,0.0,0.0,1.0]},"interpolation":"LINEAR"},{"time":0.25,"transformation":{"matrix":[0.8023648,0.5968204,-0.004021083,7.45058E-9,-0.596734,0.8020888,-0.02370802,2.024347,-0.01092417,0.021422,0.9997109,0.0,0.0,0.0,0.0,1.0]},"interpolation":"LINEAR"},{"time":0.2916666,"transformation":{"matrix":[0.8023648,0.5968204,-0.004021083,7.45058E-9,-0.596734,0.8020888,-0.02370802,2.024347,-0.01092417,0.021422,0.9997109,0.0,0.0,0.0,0.0,1.0]},"interpolation":"LINEAR"},{"time":0.3333333,"transformation":{"matrix":[0.8023648,0.5968204,-0.004021083,7.45058E-9,-0.596734,0.8020888,-0.02370802,2.024347,-0.01092417,0.021422,0.9997109,0.0,0.0,0.0,0.0,1.0]},"interpolation":"LINEAR"},{"time":0.375,"transformation":{"matrix":[0.8023648,0.5968204,-0.004021083,7.45058E-9,-0.596734,0.8020888,-0.02370802,2.024347,-0.01092417,0.021422,0.9997109,0.0,0.0,0.0,0.0,1.0]},"interpolation":"LINEAR"},{"time":0.4166666,"transformation":{"matrix":[0.8023648,0.5968204,-0.004021083,7.45058E-9,-0.596734,0.8020888,-0.02370802,2.024347,-0.01092417,0.021422,0.9997109,0.0,0.0,0.0,0.0,1.0]},"interpolation":"LINEAR"},{"time":0.4583333,"transformation":{"matrix":[0.8023648,0.5968204,-0.004021083,7.45058E-9,-0.596734,0.8020888,-0.02370802,2.024347,-0.01092417,0.021422,0.9997109,0.0,0.0,0.0,0.0,1.0]},"interpolation":"LINEAR"},{"time":0.5,"transformation":{"matrix":[0.8023648,0.5968204,-0.004021083,7.45058E-9,-0.596734,0.8020888,-0.02370802,2.024347,-0.01092417,0.021422,0.9997109,0.0,0.0,0.0,0.0,1.0]},"interpolation":"LINEAR"},{"time":0.5416667,"transformation":{"matrix":[0.8057191,0.5922845,-0.003978808,7.45058E-9,-0.5921984,0.8054426,-0.02372814,2.024347,-0.01084911,0.02147446,0.9997106,0.0,0.0,0.0,0.0,1.0]},"interpolation":"LINEAR"},{"time":0.5833333,"transformation":{"matrix":[0.8152658,0.5790741,-0.00385604,7.45058E-9,-0.5789893,0.8149881,-0.0237849,2.024347,-0.01063059,0.02162362,0.9997097,0.0,0.0,0.0,0.0,1.0]},"interpolation":"LINEAR"},{"time":0.625,"transformation":{"matrix":[0.8300846,0.5576256,-0.003657793,7.45058E-9,-0.5575427,0.8298048,-0.02387152,2.024347,-0.01027611,0.02185476,0.9997084,0.0,0.0,0.0,0.0,1.0]},"interpolation":"LINEAR"},{"time":0.6666667,"transformation":{"matrix":[0.8490883,0.5282402,-0.003388253,7.45058E-9,-0.5281602,0.848806,-0.02397962,2.024347,-0.009791027,0.02215035,0.9997067,0.0,0.0,0.0,0.0,1.0]},"interpolation":"LINEAR"},{"time":0.7083333,"transformation":{"matrix":[0.8710521,0.491181,-0.003051503,7.45058E-9,-0.4911047,0.8707671,-0.02409963,2.024347,-0.009180134,0.02249065,0.999705,0.0,0.0,0.0,0.0,1.0]},"interpolation":"LINEAR"},{"time":0.75,"transformation":{"matrix":[0.8946481,0.4467638,-0.002652227,7.45058E-9,-0.4466917,0.8943599,-0.02422125,2.024347,-0.008449133,0.02285422,0.9997032,0.0,0.0,0.0,0.0,1.0]},"interpolation":"LINEAR"},{"time":0.7916667,"transformation":{"matrix":[0.9184901,0.3954377,-0.002196287,7.45058E-9,-0.3953707,0.9181992,-0.02433391,2.024347,-0.007605917,0.0232188,0.9997016,0.0,0.0,0.0,0.0,1.0]},"interpolation":"LINEAR"},{"time":0.8333333,"transformation":{"matrix":[0.9411977,0.3378519,-0.001691159,7.45058E-9,-0.3377904,0.9409043,-0.02442738,2.024347,-0.006661617,0.02356225,0.9997002,0.0,0.0,0.0,0.0,1.0]},"interpolation":"LINEAR"},{"time":0.875,"transformation":{"matrix":[0.9614733,0.2748955,-0.001146151,7.45058E-9,-0.2748402,0.9611778,-0.02449252,2.024347,-0.005631229,0.02386391,0.9996994,0.0,0.0,0.0,0.0,1.0]},"interpolation":"LINEAR"},{"time":0.9166667,"transformation":{"matrix":[0.9781905,0.2077087,-5.72336E-4,7.45058E-9,-0.20766,0.9778936,-0.02452195,2.024347,-0.004533738,0.02410599,0.9996992,0.0,0.0,0.0,0.0,1.0]},"interpolation":"LINEAR"},{"time":0.9583333,"transformation":{"matrix":[0.9904798,0.137658,1.77714E-5,7.45058E-9,-0.1376162,0.9901823,-0.02451078,2.024347,-0.003391703,0.02427499,0.9996997,0.0,0.0,0.0,0.0,1.0]},"interpolation":"LINEAR"},{"time":1.0,"transformation":{"matrix":[0.9978009,0.06627859,6.1081E-4,7.45058E-9,-0.06624388,0.9975036,-0.02445704,2.024347,-0.002230263,0.0243628,0.9997007,0.0,0.0,0.0,0.0,1.0]},"interpolation":"LINEAR"},{"time":1.041667,"transformation":{"matrix":[0.9999877,-0.004808378,0.00119331,7.45058E-9,0.004836023,0.9996914,-0.02436195,2.024347,-0.0010758,0.02436742,0.9997026,0.0,0.0,0.0,0.0,1.0]},"interpolation":"LINEAR"},{"time":1.083333,"transformation":{"matrix":[0.9972575,-0.07398982,0.001752479,7.45058E-9,0.07401055,0.996963,-0.02422984,2.024347,4.56037E-5,0.02429309,0.999705,0.0,0.0,0.0,0.0,1.0]},"interpolation":"LINEAR"},{"time":1.125,"transformation":{"matrix":[0.9901839,-0.1397516,0.002276893,7.45058E-9,0.1397658,0.989892,-0.02406779,2.024347,0.001109633,0.02414977,0.9997078,0.0,0.0,0.0,0.0,1.0]},"interpolation":"LINEAR"},{"time":1.166667,"transformation":{"matrix":[0.9796391,-0.2007482,0.00275698,7.45058E-9,0.2007562,0.9793499,-0.02388503,2.024347,0.002094829,0.02395219,0.999711,0.0,0.0,0.0,0.0,1.0]},"interpolation":"LINEAR"},{"time":1.208333,"transformation":{"matrix":[0.9667124,-0.2558457,0.003185232,7.45058E-9,0.2558481,0.9664266,-0.02369225,2.024347,0.002983268,0.02371853,0.9997143,0.0,0.0,0.0,0.0,1.0]},"interpolation":"LINEAR"},{"time":1.25,"transformation":{"matrix":[0.9526245,-0.3041283,0.003556131,7.45058E-9,0.3041258,0.9523419,-0.02350084,2.024347,0.003760616,0.02346898,0.9997175,0.0,0.0,0.0,0.0,1.0]},"interpolation":"LINEAR"},{"time":1.291667,"transformation":{"matrix":[0.9386408,-0.3448747,0.00386581,7.45058E-9,0.3448681,0.9383613,-0.02332224,2.024347,0.004415723,0.0232244,0.9997206,0.0,0.0,0.0,0.0,1.0]},"interpolation":"LINEAR"},{"time":1.333333,"transformation":{"matrix":[0.925998,-0.377506,0.00411152,7.45058E-9,0.3774961,0.9257212,-0.02316745,2.024347,0.004939731,0.02300509,0.9997232,0.0,0.0,0.0,0.0,1.0]},"interpolation":"LINEAR"},{"time":1.375,"transformation":{"matrix":[0.9158417,-0.4015165,0.00429096,7.45058E-9,0.4015041,0.9155672,-0.02304661,2.024347,0.005324929,0.02282988,0.9997252,0.0,0.0,0.0,0.0,1.0]},"interpolation":"LINEAR"},{"time":1.416667,"transformation":{"matrix":[0.9091756,-0.4163897,0.004401517,7.45058E-9,0.4163758,0.9089023,-0.02296869,2.024347,0.005563377,0.02271526,0.9997265,0.0,0.0,0.0,0.0,1.0]},"interpolation":"LINEAR"},{"time":1.458333,"transformation":{"matrix":[0.9068119,-0.4215123,0.004439487,7.45058E-9,0.4214978,0.9065391,-0.02294131,2.024347,0.005645474,0.02267468,0.999727,0.0,0.0,0.0,0.0,1.0]},"interpolation":"LINEAR"},{"time":1.5,"transformation":{"matrix":[0.9068119,-0.4215123,0.004439487,7.45058E-9,0.4214978,0.9065391,-0.02294131,2.024347,0.005645474,0.02267468,0.999727,0.0,0.0,0.0,0.0,1.0]},"interpolation":"LINEAR"},{"time":1.541667,"transformation":{"matrix":[0.9068119,-0.4215123,0.004439487,7.45058E-9,0.4214978,0.9065391,-0.02294131,2.024347,0.005645474,0.02267468,0.999727,0.0,0.0,0.0,0.0,1.0]},"interpolation":"LINEAR"},{"time":1.583333,"transformation":{"matrix":[0.9068119,-0.4215123,0.004439487,7.45058E-9,0.4214978,0.9065391,-0.02294131,2.024347,0.005645474,0.02267468,0.999727,0.0,0.0,0.0,0.0,1.0]},"interpolation":"LINEAR"},{"time":1.625,"transformation":{"matrix":[0.9068119,-0.4215123,0.004439487,7.45058E-9,0.4214978,0.9065391,-0.02294131,2.024347,0.005645474,0.02267468,0.999727,0.0,0.0,0.0,0.0,1.0]},"interpolation":"LINEAR"},{"time":1.666667,"transformation":{"matrix":[0.9068119,-0.4215123,0.004439487,7.45058E-9,0.4214978,0.9065391,-0.02294131,2.024347,0.005645474,0.02267468,0.999727,0.0,0.0,0.0,0.0,1.0]},"interpolation":"LINEAR"},{"time":1.708333,"transformation":{"matrix":[0.9068119,-0.4215123,0.004439487,7.45058E-9,0.4214978,0.9065391,-0.02294131,2.024347,0.005645474,0.02267468,0.999727,0.0,0.0,0.0,0.0,1.0]},"interpolation":"LINEAR"},{"time":1.75,"transformation":{"matrix":[0.9068119,-0.4215123,0.004439487,7.45058E-9,0.4214978,0.9065391,-0.02294131,2.024347,0.005645474,0.02267468,0.999727,0.0,0.0,0.0,0.0,1.0]},"interpolation":"LINEAR"},{"time":1.791667,"transformation":{"matrix":[0.9068119,-0.4215123,0.004439487,7.45058E-9,0.4214978,0.9065391,-0.02294131,2.024347,0.005645474,0.02267468,0.999727,0.0,0.0,0.0,0.0,1.0]},"interpolation":"LINEAR"},{"time":1.833333,"transformation":{"matrix":[0.9068119,-0.4215123,0.004439487,7.45058E-9,0.4214978,0.9065391,-0.02294131,2.024347,0.005645474,0.02267468,0.999727,0.0,0.0,0.0,0.0,1.0]},"interpolation":"LINEAR"},{"time":1.875,"transformation":{"matrix":[0.9068119,-0.4215123,0.004439487,7.45058E-9,0.4214978,0.9065391,-0.02294131,2.024347,0.005645474,0.02267468,0.999727,0.0,0.0,0.0,0.0,1.0]},"interpolation":"LINEAR"},{"time":1.916667,"transformation":{"matrix":[0.9068119,-0.4215123,0.004439487,7.45058E-9,0.4214978,0.9065391,-0.02294131,2.024347,0.005645474,0.02267468,0.999727,0.0,0.0,0.0,0.0,1.0]},"interpolation":"LINEAR"},{"time":1.958333,"transformation":{"matrix":[0.9068119,-0.4215123,0.004439487,7.45058E-9,0.4214978,0.9065391,-0.02294131,2.024347,0.005645474,0.02267468,0.999727,0.0,0.0,0.0,0.0,1.0]},"interpolation":"LINEAR"},{"time":2.0,"transformation":{"matrix":[0.9068119,-0.4215123,0.004439487,7.45058E-9,0.4214978,0.9065391,-0.02294131,2.024347,0.005645474,0.02267468,0.999727,0.0,0.0,0.0,0.0,1.0]},"interpolation":"LINEAR"},{"time":2.041667,"transformation":{"matrix":[0.9068119,-0.4215123,0.004439487,7.45058E-9,0.4214978,0.9065391,-0.02294131,2.024347,0.005645474,0.02267468,0.999727,0.0,0.0,0.0,0.0,1.0]},"interpolation":"LINEAR"},{"time":2.083333,"transformation":{"matrix":[0.9068119,-0.4215123,0.004439487,7.45058E-9,0.4214978,0.9065391,-0.02294131,2.024347,0.005645474,0.02267468,0.999727,0.0,0.0,0.0,0.0,1.0]},"interpolation":"LINEAR"},{"time":2.125,"transformation":{"matrix":[0.9068119,-0.4215123,0.004439487,7.45058E-9,0.4214978,0.9065391,-0.02294131,2.024347,0.005645474,0.02267468,0.999727,0.0,0.0,0.0,0.0,1.0]},"interpolation":"LINEAR"},{"time":2.166667,"transformation":{"matrix":[0.9068119,-0.4215123,0.004439487,7.45058E-9,0.4214978,0.9065391,-0.02294131,2.024347,0.005645474,0.02267468,0.999727,0.0,0.0,0.0,0.0,1.0]},"interpolation":"LINEAR"},{"time":2.208333,"transformation":{"matrix":[0.9068119,-0.4215123,0.004439487,7.45058E-9,0.4214978,0.9065391,-0.02294131,2.024347,0.005645474,0.02267468,0.999727,0.0,0.0,0.0,0.0,1.0]},"interpolation":"LINEAR"},{"time":2.25,"transformation":{"matrix":[0.9068119,-0.4215123,0.004439487,7.45058E-9,0.4214978,0.9065391,-0.02294131,2.024347,0.005645474,0.02267468,0.999727,0.0,0.0,0.0,0.0,1.0]},"interpolation":"LINEAR"},{"time":2.291667,"transformation":{"matrix":[0.9068119,-0.4215123,0.004439487,7.45058E-9,0.4214978,0.9065391,-0.02294131,2.024347,0.005645474,0.02267468,0.999727,0.0,0.0,0.0,0.0,1.0]},"interpolation":"LINEAR"},{"time":2.333333,"transformation":{"matrix":[0.9068119,-0.4215123,0.004439487,7.45058E-9,0.4214978,0.9065391,-0.02294131,2.024347,0.005645474,0.02267468,0.999727,0.0,0.0,0.0,0.0,1.0]},"interpolation":"LINEAR"},{"time":2.375,"transformation":{"matrix":[0.9068119,-0.4215123,0.004439487,7.45058E-9,0.4214978,0.9065391,-0.02294131,2.024347,0.005645474,0.02267468,0.999727,0.0,0.0,0.0,0.0,1.0]},"interpolation":"LINEAR"},{"time":2.416667,"transformation":{"matrix":[0.9068119,-0.4215123,0.004439487,7.45058E-9,0.4214978,0.9065391,-0.02294131,2.024347,0.005645474,0.02267468,0.999727,0.0,0.0,0.0,0.0,1.0]},"interpolation":"LINEAR"},{"time":2.458333,"transformation":{"matrix":[0.9068119,-0.4215123,0.004439487,7.45058E-9,0.4214978,0.9065391,-0.02294131,2.024347,0.005645474,0.02267468,0.999727,0.0,0.0,0.0,0.0,1.0]},"interpolation":"LINEAR"},{"time":2.5,"transformation":{"matrix":[0.9068119,-0.4215123,0.004439487,7.45058E-9,0.4214978,0.9065391,-0.02294131,2.024347,0.005645474,0.02267468,0.999727,0.0,0.0,0.0,0.0,1.0]},"interpolation":"LINEAR"},{"time":2.541667,"transformation":{"matrix":[0.9068119,-0.4215123,0.004439487,7.45058E-9,0.4214978,0.9065391,-0.02294131,2.024347,0.005645474,0.02267468,0.999727,0.0,0.0,0.0,0.0,1.0]},"interpolation":"LINEAR"},{"time":2.583333,"transformation":{"matrix":[0.9068119,-0.4215123,0.004439487,7.45058E-9,0.4214978,0.9065391,-0.02294131,2.024347,0.005645474,0.02267468,0.999727,0.0,0.0,0.0,0.0,1.0]},"interpolation":"LINEAR"},{"time":2.625,"transformation":{"matrix":[0.9068119,-0.4215123,0.004439487,7.45058E-9,0.4214978,0.9065391,-0.02294131,2.024347,0.005645474,0.02267468,0.999727,0.0,0.0,0.0,0.0,1.0]},"interpolation":"LINEAR"},{"time":2.666667,"transformation":{"matrix":[0.9068119,-0.4215123,0.004439487,7.45058E-9,0.4214978,0.9065391,-0.02294131,2.024347,0.005645474,0.02267468,0.999727,0.0,0.0,0.0,0.0,1.0]},"interpolation":"LINEAR"},{"time":2.708333,"transformation":{"matrix":[0.9068119,-0.4215123,0.004439487,7.45058E-9,0.4214978,0.9065391,-0.02294131,2.024347,0.005645474,0.02267468,0.999727,0.0,0.0,0.0,0.0,1.0]},"interpolation":"LINEAR"},{"time":2.75,"transformation":{"matrix":[0.9068119,-0.4215123,0.004439487,7.45058E-9,0.4214978,0.9065391,-0.02294131,2.024347,0.005645474,0.02267468,0.999727,0.0,0.0,0.0,0.0,1.0]},"interpolation":"LINEAR"},{"time":2.791667,"transformation":{"matrix":[0.9068119,-0.4215123,0.004439487,7.45058E-9,0.4214978,0.9065391,-0.02294131,2.024347,0.005645474,0.02267468,0.999727,0.0,0.0,0.0,0.0,1.0]},"interpolation":"LINEAR"},{"time":2.833333,"transformation":{"matrix":[0.9068119,-0.4215123,0.004439487,7.45058E-9,0.4214978,0.9065391,-0.02294131,2.024347,0.005645474,0.02267468,0.999727,0.0,0.0,0.0,0.0,1.0]},"interpolation":"LINEAR"},{"time":2.875,"transformation":{"matrix":[0.9068119,-0.4215123,0.004439487,7.45058E-9,0.4214978,0.9065391,-0.02294131,2.024347,0.005645474,0.02267468,0.999727,0.0,0.0,0.0,0.0,1.0]},"interpolation":"LINEAR"},{"time":2.916667,"transformation":{"matrix":[0.9068119,-0.4215123,0.004439487,7.45058E-9,0.4214978,0.9065391,-0.02294131,2.024347,0.005645474,0.02267468,0.999727,0.0,0.0,0.0,0.0,1.0]},"interpolation":"LINEAR"},{"time":2.958333,"transformation":{"matrix":[0.9068119,-0.4215123,0.004439487,7.45058E-9,0.4214978,0.9065391,-0.02294131,2.024347,0.005645474,0.02267468,0.999727,0.0,0.0,0.0,0.0,1.0]},"interpolation":"LINEAR"},{"time":3.0,"transformation":{"matrix":[0.9068119,-0.4215123,0.004439487,7.45058E-9,0.4214978,0.9065391,-0.02294131,2.024347,0.005645474,0.02267468,0.999727,0.0,0.0,0.0,0.0,1.0]},"interpolation":"LINEAR"},{"time":3.041667,"transformation":{"matrix":[0.9068119,-0.4215123,0.004439487,7.45058E-9,0.4214978,0.9065391,-0.02294131,2.024347,0.005645474,0.02267468,0.999727,0.0,0.0,0.0,0.0,1.0]},"interpolation":"LINEAR"},{"time":3.083333,"transformation":{"matrix":[0.9068119,-0.4215123,0.004439487,7.45058E-9,0.4214978,0.9065391,-0.02294131,2.024347,0.005645474,0.02267468,0.999727,0.0,0.0,0.0,0.0,1.0]},"interpolation":"LINEAR"},{"time":3.125,"transformation":{"matrix":[0.9068119,-0.4215123,0.004439487,7.45058E-9,0.4214978,0.9065391,-0.02294131,2.024347,0.005645474,0.02267468,0.999727,0.0,0.0,0.0,0.0,1.0]},"interpolation":"LINEAR"},{"time":3.166667,"transformation":{"matrix":[0.9068119,-0.4215123,0.004439487,7.45058E-9,0.4214978,0.9065391,-0.02294131,2.024347,0.005645474,0.02267468,0.999727,0.0,0.0,0.0,0.0,1.0]},"interpolation":"LINEAR"},{"time":3.208333,"transformation":{"matrix":[0.9068119,-0.4215123,0.004439487,7.45058E-9,0.4214978,0.9065391,-0.02294131,2.024347,0.005645474,0.02267468,0.999727,0.0,0.0,0.0,0.0,1.0]},"interpolation":"LINEAR"},{"time":3.25,"transformation":{"matrix":[0.9068119,-0.4215123,0.004439487,7.45058E-9,0.4214978,0.9065391,-0.02294131,2.024347,0.005645474,0.02267468,0.999727,0.0,0.0,0.0,0.0,1.0]},"interpolation":"LINEAR"},{"time":3.291667,"transformation":{"matrix":[0.9068119,-0.4215123,0.004439487,7.45058E-9,0.4214978,0.9065391,-0.02294131,2.024347,0.005645474,0.02267468,0.999727,0.0,0.0,0.0,0.0,1.0]},"interpolation":"LINEAR"},{"time":3.333333,"transformation":{"matrix":[0.9068119,-0.4215123,0.004439487,7.45058E-9,0.4214978,0.9065391,-0.02294131,2.024347,0.005645474,0.02267468,0.999727,0.0,0.0,0.0,0.0,1.0]},"interpolation":"LINEAR"},{"time":3.375,"transformation":{"matrix":[0.9068119,-0.4215123,0.004439487,7.45058E-9,0.4214978,0.9065391,-0.02294131,2.024347,0.005645474,0.02267468,0.999727,0.0,0.0,0.0,0.0,1.0]},"interpolation":"LINEAR"},{"time":3.416667,"transformation":{"matrix":[0.9068119,-0.4215123,0.004439487,7.45058E-9,0.4214978,0.9065391,-0.02294131,2.024347,0.005645474,0.02267468,0.999727,0.0,0.0,0.0,0.0,1.0]},"interpolation":"LINEAR"},{"time":3.458333,"transformation":{"matrix":[0.9068119,-0.4215123,0.004439487,7.45058E-9,0.4214978,0.9065391,-0.02294131,2.024347,0.005645474,0.02267468,0.999727,0.0,0.0,0.0,0.0,1.0]},"interpolation":"LINEAR"},{"time":3.5,"transformation":{"matrix":[0.9068119,-0.4215123,0.004439487,7.45058E-9,0.4214978,0.9065391,-0.02294131,2.024347,0.005645474,0.02267468,0.999727,0.0,0.0,0.0,0.0,1.0]},"interpolation":"LINEAR"},{"time":3.541667,"transformation":{"matrix":[0.9068119,-0.4215123,0.004439487,7.45058E-9,0.4214978,0.9065391,-0.02294131,2.024347,0.005645474,0.02267468,0.999727,0.0,0.0,0.0,0.0,1.0]},"interpolation":"LINEAR"},{"time":3.583333,"transformation":{"matrix":[0.9068119,-0.4215123,0.004439487,7.45058E-9,0.4214978,0.9065391,-0.02294131,2.024347,0.005645474,0.02267468,0.999727,0.0,0.0,0.0,0.0,1.0]},"interpolation":"LINEAR"},{"time":3.625,"transformation":{"matrix":[0.9068119,-0.4215123,0.004439487,7.45058E-9,0.4214978,0.9065391,-0.02294131,2.024347,0.005645474,0.02267468,0.999727,0.0,0.0,0.0,0.0,1.0]},"interpolation":"LINEAR"},{"time":3.666667,"transformation":{"matrix":[0.9068119,-0.4215123,0.004439487,7.45058E-9,0.4214978,0.9065391,-0.02294131,2.024347,0.005645474,0.02267468,0.999727,0.0,0.0,0.0,0.0,1.0]},"interpolation":"LINEAR"},{"time":3.708333,"transformation":{"matrix":[0.9068119,-0.4215123,0.004439487,7.45058E-9,0.4214978,0.9065391,-0.02294131,2.024347,0.005645474,0.02267468,0.999727,0.0,0.0,0.0,0.0,1.0]},"interpolation":"LINEAR"},{"time":3.75,"transformation":{"matrix":[0.9068119,-0.4215123,0.004439487,7.45058E-9,0.4214978,0.9065391,-0.02294131,2.024347,0.005645474,0.02267468,0.999727,0.0,0.0,0.0,0.0,1.0]},"interpolation":"LINEAR"},{"time":3.791667,"transformation":{"matrix":[0.9068119,-0.4215123,0.004439487,7.45058E-9,0.4214978,0.9065391,-0.02294131,2.024347,0.005645474,0.02267468,0.999727,0.0,0.0,0.0,0.0,1.0]},"interpolation":"LINEAR"},{"time":3.833333,"transformation":{"matrix":[0.9068119,-0.4215123,0.004439487,7.45058E-9,0.4214978,0.9065391,-0.02294131,2.024347,0.005645474,0.02267468,0.999727,0.0,0.0,0.0,0.0,1.0]},"interpolation":"LINEAR"},{"time":3.875,"transformation":{"matrix":[0.9068119,-0.4215123,0.004439487,7.45058E-9,0.4214978,0.9065391,-0.02294131,2.024347,0.005645474,0.02267468,0.999727,0.0,0.0,0.0,0.0,1.0]},"interpolation":"LINEAR"},{"time":3.916667,"transformation":{"matrix":[0.9068119,-0.4215123,0.004439487,7.45058E-9,0.4214978,0.9065391,-0.02294131,2.024347,0.005645474,0.02267468,0.999727,0.0,0.0,0.0,0.0,1.0]},"interpolation":"LINEAR"},{"time":3.958333,"transformation":{"matrix":[0.9068119,-0.4215123,0.004439487,7.45058E-9,0.4214978,0.9065391,-0.02294131,2.024347,0.005645474,0.02267468,0.999727,0.0,0.0,0.0,0.0,1.0]},"interpolation":"LINEAR"},{"time":4.0,"transformation":{"matrix":[0.9068119,-0.4215123,0.004439487,7.45058E-9,0.4214978,0.9065391,-0.02294131,2.024347,0.005645474,0.02267468,0.999727,0.0,0.0,0.0,0.0,1.0]},"interpolation":"LINEAR"},{"time":4.041666,"transformation":{"matrix":[0.9068119,-0.4215123,0.004439487,7.45058E-9,0.4214978,0.9065391,-0.02294131,2.024347,0.005645474,0.02267468,0.999727,0.0,0.0,0.0,0.0,1.0]},"interpolation":"LINEAR"},{"time":4.083333,"transformation":{"matrix":[0.9068119,-0.4215123,0.004439487,7.45058E-9,0.4214978,0.9065391,-0.02294131,2.024347,0.005645474,0.02267468,0.999727,0.0,0.0,0.0,0.0,1.0]},"interpolation":"LINEAR"},{"time":4.125,"transformation":{"matrix":[0.9068119,-0.4215123,0.004439487,7.45058E-9,0.4214978,0.9065391,-0.02294131,2.024347,0.005645474,0.02267468,0.999727,0.0,0.0,0.0,0.0,1.0]},"interpolation":"LINEAR"},{"time":4.166666,"transformation":{"matrix":[0.9068119,-0.4215123,0.004439487,7.45058E-9,0.4214978,0.9065391,-0.02294131,2.024347,0.005645474,0.02267468,0.999727,0.0,0.0,0.0,0.0,1.0]},"interpolation":"LINEAR"},{"time":4.208333,"transformation":{"matrix":[0.9068119,-0.4215123,0.004439487,7.45058E-9,0.4214978,0.9065391,-0.02294131,2.024347,0.005645474,0.02267468,0.999727,0.0,0.0,0.0,0.0,1.0]},"interpolation":"LINEAR"},{"time":4.25,"transformation":{"matrix":[0.9068119,-0.4215123,0.004439487,7.45058E-9,0.4214978,0.9065391,-0.02294131,2.024347,0.005645474,0.02267468,0.999727,0.0,0.0,0.0,0.0,1.0]},"interpolation":"LINEAR"},{"time":4.291666,"transformation":{"matrix":[0.9068119,-0.4215123,0.004439487,7.45058E-9,0.4214978,0.9065391,-0.02294131,2.024347,0.005645474,0.02267468,0.999727,0.0,0.0,0.0,0.0,1.0]},"interpolation":"LINEAR"},{"time":4.333333,"transformation":{"matrix":[0.9068119,-0.4215123,0.004439487,7.45058E-9,0.4214978,0.9065391,-0.02294131,2.024347,0.005645474,0.02267468,0.999727,0.0,0.0,0.0,0.0,1.0]},"interpolation":"LINEAR"},{"time":4.375,"transformation":{"matrix":[0.9068119,-0.4215123,0.004439487,7.45058E-9,0.4214978,0.9065391,-0.02294131,2.024347,0.005645474,0.02267468,0.999727,0.0,0.0,0.0,0.0,1.0]},"interpolation":"LINEAR"},{"time":4.416666,"transformation":{"matrix":[0.9068119,-0.4215123,0.004439487,7.45058E-9,0.4214978,0.9065391,-0.02294131,2.024347,0.005645474,0.02267468,0.999727,0.0,0.0,0.0,0.0,1.0]},"interpolation":"LINEAR"},{"time":4.458333,"transformation":{"matrix":[0.9068119,-0.4215123,0.004439487,7.45058E-9,0.4214978,0.9065391,-0.02294131,2.024347,0.005645474,0.02267468,0.999727,0.0,0.0,0.0,0.0,1.0]},"interpolation":"LINEAR"},{"time":4.5,"transformation":{"matrix":[0.9068119,-0.4215123,0.004439487,7.45058E-9,0.4214978,0.9065391,-0.02294131,2.024347,0.005645474,0.02267468,0.999727,0.0,0.0,0.0,0.0,1.0]},"interpolation":"LINEAR"},{"time":4.541666,"transformation":{"matrix":[0.9068119,-0.4215123,0.004439487,7.45058E-9,0.4214978,0.9065391,-0.02294131,2.024347,0.005645474,0.02267468,0.999727,0.0,0.0,0.0,0.0,1.0]},"interpolation":"LINEAR"},{"time":4.583333,"transformation":{"matrix":[0.9068119,-0.4215123,0.004439487,7.45058E-9,0.4214978,0.9065391,-0.02294131,2.024347,0.005645474,0.02267468,0.999727,0.0,0.0,0.0,0.0,1.0]},"interpolation":"LINEAR"},{"time":4.625,"transformation":{"matrix":[0.9068119,-0.4215123,0.004439487,7.45058E-9,0.4214978,0.9065391,-0.02294131,2.024347,0.005645474,0.02267468,0.999727,0.0,0.0,0.0,0.0,1.0]},"interpolation":"LINEAR"},{"time":4.666666,"transformation":{"matrix":[0.9068119,-0.4215123,0.004439487,7.45058E-9,0.4214978,0.9065391,-0.02294131,2.024347,0.005645474,0.02267468,0.999727,0.0,0.0,0.0,0.0,1.0]},"interpolation":"LINEAR"},{"time":4.708333,"transformation":{"matrix":[0.9068119,-0.4215123,0.004439487,7.45058E-9,0.4214978,0.9065391,-0.02294131,2.024347,0.005645474,0.02267468,0.999727,0.0,0.0,0.0,0.0,1.0]},"interpolation":"LINEAR"},{"time":4.75,"transformation":{"matrix":[0.9068119,-0.4215123,0.004439487,7.45058E-9,0.4214978,0.9065391,-0.02294131,2.024347,0.005645474,0.02267468,0.999727,0.0,0.0,0.0,0.0,1.0]},"interpolation":"LINEAR"},{"time":4.791666,"transformation":{"matrix":[0.9068119,-0.4215123,0.004439487,7.45058E-9,0.4214978,0.9065391,-0.02294131,2.024347,0.005645474,0.02267468,0.999727,0.0,0.0,0.0,0.0,1.0]},"interpolation":"LINEAR"},{"time":4.833333,"transformation":{"matrix":[0.9068119,-0.4215123,0.004439487,7.45058E-9,0.4214978,0.9065391,-0.02294131,2.024347,0.005645474,0.02267468,0.999727,0.0,0.0,0.0,0.0,1.0]},"interpolation":"LINEAR"},{"time":4.875,"transformation":{"matrix":[0.9068119,-0.4215123,0.004439487,7.45058E-9,0.4214978,0.9065391,-0.02294131,2.024347,0.005645474,0.02267468,0.999727,0.0,0.0,0.0,0.0,1.0]},"interpolation":"LINEAR"},{"time":4.916666,"transformation":{"matrix":[0.9068119,-0.4215123,0.004439487,7.45058E-9,0.4214978,0.9065391,-0.02294131,2.024347,0.005645474,0.02267468,0.999727,0.0,0.0,0.0,0.0,1.0]},"interpolation":"LINEAR"},{"time":4.958333,"transformation":{"matrix":[0.9068119,-0.4215123,0.004439487,7.45058E-9,0.4214978,0.9065391,-0.02294131,2.024347,0.005645474,0.02267468,0.999727,0.0,0.0,0.0,0.0,1.0]},"interpolation":"LINEAR"},{"time":5.0,"transformation":{"matrix":[0.9068119,-0.4215123,0.004439487,7.45058E-9,0.4214978,0.9065391,-0.02294131,2.024347,0.005645474,0.02267468,0.999727,0.0,0.0,0.0,0.0,1.0]},"interpolation":"LINEAR"},{"time":5.041666,"transformation":{"matrix":[0.9068119,-0.4215123,0.004439487,7.45058E-9,0.4214978,0.9065391,-0.02294131,2.024347,0.005645474,0.02267468,0.999727,0.0,0.0,0.0,0.0,1.0]},"interpolation":"LINEAR"},{"time":5.083333,"transformation":{"matrix":[0.9068119,-0.4215123,0.004439487,7.45058E-9,0.4214978,0.9065391,-0.02294131,2.024347,0.005645474,0.02267468,0.999727,0.0,0.0,0.0,0.0,1.0]},"interpolation":"LINEAR"},{"time":5.125,"transformation":{"matrix":[0.9068119,-0.4215123,0.004439487,7.45058E-9,0.4214978,0.9065391,-0.02294131,2.024347,0.005645474,0.02267468,0.999727,0.0,0.0,0.0,0.0,1.0]},"interpolation":"LINEAR"},{"time":5.166666,"transformation":{"matrix":[0.9068119,-0.4215123,0.004439487,7.45058E-9,0.4214978,0.9065391,-0.02294131,2.024347,0.005645474,0.02267468,0.999727,0.0,0.0,0.0,0.0,1.0]},"interpolation":"LINEAR"},{"time":5.208333,"transformation":{"matrix":[0.9068119,-0.4215123,0.004439487,7.45058E-9,0.4214978,0.9065391,-0.02294131,2.024347,0.005645474,0.02267468,0.999727,0.0,0.0,0.0,0.0,1.0]},"interpolation":"LINEAR"},{"time":5.25,"transformation":{"matrix":[0.9068119,-0.4215123,0.004439487,7.45058E-9,0.4214978,0.9065391,-0.02294131,2.024347,0.005645474,0.02267468,0.999727,0.0,0.0,0.0,0.0,1.0]},"interpolation":"LINEAR"},{"time":5.291666,"transformation":{"matrix":[0.9068119,-0.4215123,0.004439487,7.45058E-9,0.4214978,0.9065391,-0.02294131,2.024347,0.005645474,0.02267468,0.999727,0.0,0.0,0.0,0.0,1.0]},"interpolation":"LINEAR"},{"time":5.333333,"transformation":{"matrix":[0.9068119,-0.4215123,0.004439487,7.45058E-9,0.4214978,0.9065391,-0.02294131,2.024347,0.005645474,0.02267468,0.999727,0.0,0.0,0.0,0.0,1.0]},"interpolation":"LINEAR"},{"time":5.375,"transformation":{"matrix":[0.9068119,-0.42151