{"mesh":{"vertices":[{"position":{"x":-1.0,"y":1.0,"z":1.0},"color":{"r":1.0,"g":0.0,"b":0.0,"a":1.0},"normal":{"x":0.0,"y":0.0,"z":1.0},"influence":{"data":[{"boneId":"Armature_Bone","weight":0.9351819},{"boneId":"Armature_Bone_001","weight":0.06481808}]}},{"position":{"x":1.0,"y":-1.0,"z":1.0},"color":{"r":1.0,"g":0.0,"b":0.0,"a":1.0},"normal":{"x":0.0,"y":0.0,"z":1.0},"influence":{"data":[{"boneId":"Armature_Bone","weight":1.0}]}},{"position":{"x":1.0,"y":1.0,"z":1.0},"color":{"r":1.0,"g":0.0,"b":0.0,"a":1.0},"normal":{"x":0.0,"y":0.0,"z":1.0},"influence":{"data":[{"boneId":"Armature_Bone","weight":0.9866456},{"boneId":"Armature_Bone_001","weight":0.01335448}]}},{"position":{"x":1.0,"y":-1.0,"z":1.0},"color":{"r":1.0,"g":0.0,"b":0.0,"a":1.0},"normal":{"x":0.0,"y":-1.0,"z":0.0},"influence":{"data":[{"boneId":"Armature_Bone","weight":1.0}]}},{"position":{"x":-1.0,"y":-1.0,"z":-1.0},"color":{"r":1.0,"g":0.0,"b":0.0,"a":1.0},"normal":{"x":0.0,"y":-1.0,"z":0.0},"influence":{"data":[{"boneId":"Armature_Bone","weight":0.9398069},{"boneId":"Armature_Bone_001","weight":0.06019312}]}},{"position":{"x":1.0,"y":-1.0,"z":-1.0},"color":{"r":1.0,"g":0.0,"b":0.0,"a":1.0},"normal":{"x":0.0,"y":-1.0,"z":0.0},"influence":{"data":[{"boneId":"Armature_Bone","weight":1.0}]}},{"position":{"x":-1.0,"y":-1.0,"z":1.0},"color":{"r":1.0,"g":0.0,"b":0.0,"a":1.0},"normal":{"x":-1.0,"y":0.0,"z":0.0},"influence":{"data":[{"boneId":"Armature_Bone","weight":1.0}]}},{"position":{"x":-1.0,"y":1.0,"z":-1.0},"color":{"r":1.0,"g":0.0,"b":0.0,"a":1.0},"normal":{"x":-1.0,"y":0.0,"z":0.0},"influence":{"data":[{"boneId":"Armature_Bone","weight":0.550768},{"boneId":"Armature_Bone_001","weight":0.4492321}]}},{"position":{"x":-1.0,"y":-1.0,"z":-1.0},"color":{"r":1.0,"g":0.0,"b":0.0,"a":1.0},"normal":{"x":-1.0,"y":0.0,"z":0.0},"influence":{"data":[{"boneId":"Armature_Bone","weight":0.9398069},{"boneId":"Armature_Bone_001","weight":0.06019312}]}},{"position":{"x":1.0,"y":1.0,"z":-1.0},"color":{"r":1.0,"g":0.0,"b":0.0,"a":1.0},"normal":{"x":0.0,"y":0.0,"z":-1.0},"influence":{"data":[{"boneId":"Armature_Bone","weight":0.9257767},{"boneId":"Armature_Bone_001","weight":0.07422333}]}},{"position":{"x":-1.0,"y":-1.0,"z":-1.0},"color":{"r":1.0,"g":0.0,"b":0.0,"a":1.0},"normal":{"x":0.0,"y":0.0,"z":-1.0},"influence":{"data":[{"boneId":"Armature_Bone","weight":0.9398069},{"boneId":"Armature_Bone_001","weight":0.06019312}]}},{"position":{"x":-1.0,"y":1.0,"z":-1.0},"color":{"r":1.0,"g":0.0,"b":0.0,"a":1.0},"normal":{"x":0.0,"y":0.0,"z":-1.0},"influence":{"data":[{"boneId":"Armature_Bone","weight":0.550768},{"boneId":"Armature_Bone_001","weight":0.4492321}]}},{"position":{"x":1.0,"y":1.0,"z":1.0},"color":{"r":1.0,"g":0.0,"b":0.0,"a":1.0},"normal":{"x":1.0,"y":0.0,"z":0.0},"influence":{"data":[{"boneId":"Armature_Bone","weight":0.9866456},{"boneId":"Armature_Bone_001","weight":0.01335448}]}},{"position":{"x":1.0,"y":-1.0,"z":-1.0},"color":{"r":1.0,"g":0.0,"b":0.0,"a":1.0},"normal":{"x":1.0,"y":0.0,"z":0.0},"influence":{"data":[{"boneId":"Armature_Bone","weight":1.0}]}},{"position":{"x":1.0,"y":1.0,"z":-1.0},"color":{"r":1.0,"g":0.0,"b":0.0,"a":1.0},"normal":{"x":1.0,"y":0.0,"z":0.0},"influence":{"data":[{"boneId":"Armature_Bone","weight":0.9257767},{"boneId":"Armature_Bone_001","weight":0.07422333}]}},{"position":{"x":-1.0,"y":1.0,"z":1.0},"color":{"r":1.0,"g":0.0,"b":0.0,"a":1.0},"normal":{"x":-1.0,"y":0.0,"z":0.0},"influence":{"data":[{"boneId":"Armature_Bone","weight":0.9351819},{"boneId":"Armature_Bone_001","weight":0.06481808}]}},{"position":{"x":-1.0,"y":4.584764,"z":-1.0},"color":{"r":1.0,"g":0.0,"b":0.0,"a":1.0},"normal":{"x":-1.0,"y":0.0,"z":0.0},"influence":{"data":[{"boneId":"Armature_Bone_001","weight":0.9212812},{"boneId":"Armature_Bone_002","weight":0.07871872}]}},{"position":{"x":-1.0,"y":4.584764,"z":1.0},"color":{"r":1.0,"g":0.0,"b":0.0,"a":1.0},"normal":{"x":-1.0,"y":0.0,"z":0.0},"influence":{"data":[{"boneId":"Armature_Bone_001","weight":0.5110178},{"boneId":"Armature_Bone_002","weight":0.4889822}]}},{"position":{"x":-1.0,"y":7.162009,"z":-1.0},"color":{"r":1.0,"g":0.0,"b":0.0,"a":1.0},"normal":{"x":-1.0,"y":0.0,"z":0.0},"influence":{"data":[{"boneId":"Armature_Bone_001","weight":0.003674268},{"boneId":"Armature_Bone_002","weight":0.5262957},{"boneId":"Armature_Bone_003","weight":0.47003}]}},{"position":{"x":1.0,"y":4.584764,"z":-1.0},"color":{"r":1.0,"g":0.0,"b":0.0,"a":1.0},"normal":{"x":0.0,"y":0.0,"z":-1.0},"influence":{"data":[{"boneId":"Armature_Bone","weight":0.02099055},{"boneId":"Armature_Bone_001","weight":0.8849697},{"boneId":"Armature_Bone_002","weight":0.09403973}]}},{"position":{"x":-1.0,"y":4.584764,"z":1.0},"color":{"r":1.0,"g":0.0,"b":0.0,"a":1.0},"normal":{"x":0.0,"y":0.0,"z":1.0},"influence":{"data":[{"boneId":"Armature_Bone_001","weight":0.5110178},{"boneId":"Armature_Bone_002","weight":0.4889822}]}},{"position":{"x":1.0,"y":4.584764,"z":1.0},"color":{"r":1.0,"g":0.0,"b":0.0,"a":1.0},"normal":{"x":1.0,"y":0.0,"z":0.0},"influence":{"data":[{"boneId":"Armature_Bone_001","weight":0.5100108},{"boneId":"Armature_Bone_002","weight":0.4899892}]}},{"position":{"x":-1.0,"y":7.162009,"z":1.0},"color":{"r":1.0,"g":0.0,"b":0.0,"a":1.0},"normal":{"x":-1.0,"y":0.0,"z":0.0},"influence":{"data":[{"boneId":"Armature_Bone_001","weight":0.01225578},{"boneId":"Armature_Bone_002","weight":0.89877},{"boneId":"Armature_Bone_003","weight":0.08897411}]}},{"position":{"x":-1.0,"y":10.1634,"z":-1.0},"color":{"r":1.0,"g":0.0,"b":0.0,"a":1.0},"normal":{"x":-1.0,"y":0.0,"z":0.0},"influence":{"data":[{"boneId":"Armature_Bone_002","weight":0.05507463},{"boneId":"Armature_Bone_003","weight":0.9449253}]}},{"position":{"x":-1.0,"y":4.584764,"z":-1.0},"color":{"r":1.0,"g":0.0,"b":0.0,"a":1.0},"normal":{"x":0.0,"y":0.0,"z":-1.0},"influence":{"data":[{"boneId":"Armature_Bone_001","weight":0.9212812},{"boneId":"Armature_Bone_002","weight":0.07871872}]}},{"position":{"x":1.0,"y":7.162009,"z":-1.0},"color":{"r":1.0,"g":0.0,"b":0.0,"a":1.0},"normal":{"x":0.0,"y":0.0,"z":-1.0},"influence":{"data":[{"boneId":"Armature_Bone_001","weight":0.04970645},{"boneId":"Armature_Bone_002","weight":0.8623512},{"boneId":"Armature_Bone_003","weight":0.08794218}]}},{"position":{"x":1.0,"y":4.584764,"z":1.0},"color":{"r":1.0,"g":0.0,"b":0.0,"a":1.0},"normal":{"x":0.0,"y":0.0,"z":1.0},"influence":{"data":[{"boneId":"Armature_Bone_001","weight":0.5100108},{"boneId":"Armature_Bone_002","weight":0.4899892}]}},{"position":{"x":-1.0,"y":7.162009,"z":1.0},"color":{"r":1.0,"g":0.0,"b":0.0,"a":1.0},"normal":{"x":0.0,"y":0.0,"z":1.0},"influence":{"data":[{"boneId":"Armature_Bone_001","weight":0.01225578},{"boneId":"Armature_Bone_002","weight":0.89877},{"boneId":"Armature_Bone_003","weight":0.08897411}]}},{"position":{"x":1.0,"y":4.584764,"z":-1.0},"color":{"r":1.0,"g":0.0,"b":0.0,"a":1.0},"normal":{"x":1.0,"y":0.0,"z":0.0},"influence":{"data":[{"boneId":"Armature_Bone","weight":0.02099055},{"boneId":"Armature_Bone_001","weight":0.8849697},{"boneId":"Armature_Bone_002","weight":0.09403973}]}},{"position":{"x":1.0,"y":7.162009,"z":1.0},"color":{"r":1.0,"g":0.0,"b":0.0,"a":1.0},"normal":{"x":1.0,"y":0.0,"z":0.0},"influence":{"data":[{"boneId":"Armature_Bone_001","weight":0.02152371},{"boneId":"Armature_Bone_002","weight":0.9174323},{"boneId":"Armature_Bone_003","weight":0.06104403}]}},{"position":{"x":-1.0,"y":10.1634,"z":1.0},"color":{"r":1.0,"g":0.0,"b":0.0,"a":1.0},"normal":{"x":0.0,"y":1.0,"z":0.0},"influence":{"data":[{"boneId":"Armature_Bone_002","weight":0.07757949},{"boneId":"Armature_Bone_003","weight":0.9224205}]}},{"position":{"x":1.0,"y":10.1634,"z":-1.0},"color":{"r":1.0,"g":0.0,"b":0.0,"a":1.0},"normal":{"x":0.0,"y":1.0,"z":0.0},"influence":{"data":[{"boneId":"Armature_Bone_002","weight":0.07451111},{"boneId":"Armature_Bone_003","weight":0.9254888}]}},{"position":{"x":-1.0,"y":10.1634,"z":-1.0},"color":{"r":1.0,"g":0.0,"b":0.0,"a":1.0},"normal":{"x":0.0,"y":1.0,"z":0.0},"influence":{"data":[{"boneId":"Armature_Bone_002","weight":0.05507463},{"boneId":"Armature_Bone_003","weight":0.9449253}]}},{"position":{"x":-1.0,"y":7.162009,"z":-1.0},"color":{"r":1.0,"g":0.0,"b":0.0,"a":1.0},"normal":{"x":0.0,"y":0.0,"z":-1.0},"influence":{"data":[{"boneId":"Armature_Bone_001","weight":0.003674268},{"boneId":"Armature_Bone_002","weight":0.5262957},{"boneId":"Armature_Bone_003","weight":0.47003}]}},{"position":{"x":1.0,"y":10.1634,"z":-1.0},"color":{"r":1.0,"g":0.0,"b":0.0,"a":1.0},"normal":{"x":0.0,"y":0.0,"z":-1.0},"influence":{"data":[{"boneId":"Armature_Bone_002","weight":0.07451111},{"boneId":"Armature_Bone_003","weight":0.9254888}]}},{"position":{"x":1.0,"y":7.162009,"z":1.0},"color":{"r":1.0,"g":0.0,"b":0.0,"a":1.0},"normal":{"x":0.0,"y":0.0,"z":1.0},"influence":{"data":[{"boneId":"Armature_Bone_001","weight":0.02152371},{"boneId":"Armature_Bone_002","weight":0.9174323},{"boneId":"Armature_Bone_003","weight":0.06104403}]}},{"position":{"x":-1.0,"y":10.1634,"z":1.0},"color":{"r":1.0,"g":0.0,"b":0.0,"a":1.0},"normal":{"x":0.0,"y":0.0,"z":1.0},"influence":{"data":[{"boneId":"Armature_Bone_002","weight":0.07757949},{"boneId":"Armature_Bone_003","weight":0.9224205}]}},{"position":{"x":1.0,"y":7.162009,"z":-1.0},"color":{"r":1.0,"g":0.0,"b":0.0,"a":1.0},"normal":{"x":1.0,"y":0.0,"z":0.0},"influence":{"data":[{"boneId":"Armature_Bone_001","weight":0.04970645},{"boneId":"Armature_Bone_002","weight":0.8623512},{"boneId":"Armature_Bone_003","weight":0.08794218}]}},{"position":{"x":1.0,"y":10.1634,"z":1.0},"color":{"r":1.0,"g":0.0,"b":0.0,"a":1.0},"normal":{"x":1.0,"y":0.0,"z":0.0},"influence":{"data":[{"boneId":"Armature_Bone_002","weight":0.09428739},{"boneId":"Armature_Bone_003","weight":0.9057126}]}},{"position":{"x":-1.0,"y":-1.0,"z":1.0},"color":{"r":1.0,"g":0.0,"b":0.0,"a":1.0},"normal":{"x":0.0,"y":0.0,"z":1.0},"influence":{"data":[{"boneId":"Armature_Bone","weight":1.0}]}},{"position":{"x":-1.0,"y":-1.0,"z":1.0},"color":{"r":1.0,"g":0.0,"b":0.0,"a":1.0},"normal":{"x":0.0,"y":-1.0,"z":0.0},"influence":{"data":[{"boneId":"Armature_Bone","weight":1.0}]}},{"position":{"x":1.0,"y":-1.0,"z":-1.0},"color":{"r":1.0,"g":0.0,"b":0.0,"a":1.0},"normal":{"x":0.0,"y":0.0,"z":-1.0},"influence":{"data":[{"boneId":"Armature_Bone","weight":1.0}]}},{"position":{"x":1.0,"y":-1.0,"z":1.0},"color":{"r":1.0,"g":0.0,"b":0.0,"a":1.0},"normal":{"x":1.0,"y":0.0,"z":0.0},"influence":{"data":[{"boneId":"Armature_Bone","weight":1.0}]}},{"position":{"x":-1.0,"y":10.1634,"z":1.0},"color":{"r":1.0,"g":0.0,"b":0.0,"a":1.0},"normal":{"x":-1.0,"y":0.0,"z":0.0},"influence":{"data":[{"boneId":"Armature_Bone_002","weight":0.07757949},{"boneId":"Armature_Bone_003","weight":0.9224205}]}},{"position":{"x":1.0,"y":10.1634,"z":1.0},"color":{"r":1.0,"g":0.0,"b":0.0,"a":1.0},"normal":{"x":0.0,"y":1.0,"z":0.0},"influence":{"data":[{"boneId":"Armature_Bone_002","weight":0.09428739},{"boneId":"Armature_Bone_003","weight":0.9057126}]}},{"position":{"x":-1.0,"y":10.1634,"z":-1.0},"color":{"r":1.0,"g":0.0,"b":0.0,"a":1.0},"normal":{"x":0.0,"y":0.0,"z":-1.0},"influence":{"data":[{"boneId":"Armature_Bone_002","weight":0.05507463},{"boneId":"Armature_Bone_003","weight":0.9449253}]}},{"position":{"x":1.0,"y":10.1634,"z":1.0},"color":{"r":1.0,"g":0.0,"b":0.0,"a":1.0},"normal":{"x":0.0,"y":0.0,"z":1.0},"influence":{"data":[{"boneId":"Armature_Bone_002","weight":0.09428739},{"boneId":"Armature_Bone_003","weight":0.9057126}]}},{"position":{"x":1.0,"y":10.1634,"z":-1.0},"color":{"r":1.0,"g":0.0,"b":0.0,"a":1.0},"normal":{"x":1.0,"y":0.0,"z":0.0},"influence":{"data":[{"boneId":"Armature_Bone_002","weight":0.07451111},{"boneId":"Armature_Bone_003","weight":0.9254888}]}}],"verticesOrder":[0,1,2,3,4,5,6,7,8,9,10,11,12,13,14,15,16,7,17,18,16,11,19,9,2,20,0,14,21,12,22,23,18,24,25,19,26,27,20,28,29,21,30,31,32,33,34,25,35,36,27,37,38,29,0,39,1,3,40,4,6,15,7,9,41,10,12,42,13,15,17,16,17,22,18,11,24,19,2,26,20,14,28,21,22,43,23,24,33,25,26,35,27,28,37,29,30,44,31,33,45,34,35,46,36,37,47,38]},"armature":{"type":"collada.Armature","rootBone":{"id":"Armature_Bone","childs":[{"id":"Armature_Bone_001","childs":[{"id":"Armature_Bone_002","childs":[{"id":"Armature_Bone_003","childs":[],"transformation":{"matrix":[0.9997127,0.0239575,8.01889E-4,1.49012E-8,-0.02392581,0.9993243,-0.02790345,2.593326,-0.001469844,0.02787625,0.9996104,-1.49012E-8,0.0,0.0,0.0,1.0]},"weights":[],"inverseBindPose":{"matrix":[0.9999825,-0.005417406,-0.002319693,0.1050847,0.005426287,0.9999779,0.003839313,-7.192743,0.002298831,-0.00385183,0.9999899,0.09156864,0.0,0.0,0.0,1.0]}}],"transformation":{"matrix":[0.9999043,-0.01382219,-4.95451E-4,1.86265E-9,0.01383097,0.9993867,0.03217027,3.564553,5.04839E-5,-0.03217405,0.9994823,-3.72529E-9,0.0,0.0,0.0,1.0]},"weights":[],"inverseBindPose":{"matrix":[0.9998272,0.01853793,-0.001425147,-0.06719213,-0.01856684,0.9995393,-0.02401089,-4.599626,9.79421E-4,0.02403324,0.9997107,-0.1091282,0.0,0.0,0.0,1.0]}}],"transformation":{"matrix":[0.9997814,0.02088615,9.83692E-4,3.72529E-9,-0.02085594,0.9994846,-0.02440107,2.024347,-0.00149283,0.02437522,0.9997018,0.0,0.0,0.0,0.0,1.0]},"weights":[],"inverseBindPose":{"matrix":[0.9999876,0.004708468,-0.001588463,-0.003554701,-0.004695355,0.9999558,0.008145034,-1.036692,0.001626729,-0.008137464,0.9999655,0.03891348,0.0,0.0,0.0,1.0]}}],"transformation":{"matrix":[0.9996726,-0.02558835,1.90125E-5,0.05042343,0.02558467,0.9995409,0.01623206,-0.9864383,-4.34355E-4,-0.01622626,0.9998683,0.00237368,0.0,0.0,0.0,1.0]},"weights":[],"inverseBindPose":{"matrix":[0.9996725,0.02558463,-4.34355E-4,-0.02516818,-0.02558833,0.9995408,-0.01622623,0.9873141,1.90126E-5,0.01623201,0.9998682,0.01363754,0.0,0.0,0.0,1.0]}}},"animations":{"type":"collada.Animations","animations":[{"name":"action_container-Armature","keyFrames":[{"time":0.04166662,"transformations":{"Armature_Bone_001":{"matrix":[0.8023648,0.5968204,-0.004021083,7.45058E-9,-0.596734,0.8020888,-0.02370802,2.024347,-0.01092417,0.021422,0.9997109,0.0,0.0,0.0,0.0,1.0]},"Armature_Bone_003":{"matrix":[0.8171365,0.5764418,-0.001742831,0.0,-0.5762493,0.8167775,-0.02848383,2.593327,-0.01499577,0.02427949,0.9995927,0.0,0.0,0.0,0.0,1.0]}},"interpolation":"LINEAR"},{"time":0.08333331,"transformations":{"Armature_Bone_001":{"matrix":[0.8023648,0.5968204,-0.004021083,7.45058E-9,-0.596734,0.8020888,-0.02370802,2.024347,-0.01092417,0.021422,0.9997109,0.0,0.0,0.0,0.0,1.0]},"Armature_Bone_003":{"matrix":[0.8193298,0.5733199,-0.001725758,0.0,-0.5731284,0.8189704,-0.02848502,2.593327,-0.01491768,0.0243277,0.9995927,0.0,0.0,0.0,0.0,1.0]}},"interpolation":"LINEAR"},{"time":0.125,"transformations":{"Armature_Bone_001":{"matrix":[0.8023648,0.5968204,-0.004021083,7.45058E-9,-0.596734,0.8020888,-0.02370802,2.024347,-0.01092417,0.021422,0.9997109,0.0,0.0,0.0,0.0,1.0]},"Armature_Bone_003":{"matrix":[0.8256869,0.5641261,-0.001675713,0.0,-0.5639375,0.825326,-0.0284881,2.593327,-0.01468787,0.02446724,0.9995927,0.0,0.0,0.0,0.0,1.0]}},"interpolation":"LINEAR"},{"time":0.1666666,"transformations":{"Armature_Bone_001":{"matrix":[0.8023648,0.5968204,-0.004021083,7.45058E-9,-0.596734,0.8020888,-0.02370802,2.024347,-0.01092417,0.021422,0.9997109,0.0,0.0,0.0,0.0,1.0]},"Armature_Bone_003":{"matrix":[0.8358088,0.5490185,-0.001594229,0.0,-0.5488343,0.8354455,-0.02849191,2.593327,-0.0143107,0.02468876,0.9995927,0.0,0.0,0.0,0.0,1.0]}},"interpolation":"LINEAR"},{"time":0.2083333,"transformations":{"Armature_Bone_001":{"matrix":[0.8023648,0.5968204,-0.004021083,7.45058E-9,-0.596734,0.8020888,-0.02370802,2.024347,-0.01092417,0.021422,0.9997109,0.0,0.0,0.0,0.0,1.0]},"Armature_Bone_003":{"matrix":[0.8492121,0.5280499,-0.001482631,0.0,-0.527872,0.8488458,-0.02849473,2.593327,-0.01378812,0.02498071,0.9995928,0.0,0.0,0.0,0.0,1.0]}},"interpolation":"LINEAR"},{"time":0.25,"transformations":{"Armature_Bone_001":{"matrix":[0.8023648,0.5968204,-0.004021083,7.45058E-9,-0.596734,0.8020888,-0.02370802,2.024347,-0.01092417,0.021422,0.9997109,0.0,0.0,0.0,0.0,1.0]},"Armature_Bone_003":{"matrix":[0.8653296,0.5012013,-0.001342161,0.0,-0.5010314,0.8649599,-0.02849434,2.593327,-0.01312049,0.02532946,0.999593,0.0,0.0,0.0,0.0,1.0]}},"interpolation":"LINEAR"},{"time":0.2916666,"transformations":{"Armature_Bone_001":{"matrix":[0.8023648,0.5968204,-0.004021083,7.45058E-9,-0.596734,0.8020888,-0.02370802,2.024347,-0.01092417,0.021422,0.9997109,0.0,0.0,0.0,0.0,1.0]},"Armature_Bone_003":{"matrix":[0.8835071,0.4684162,-0.001174119,0.0,-0.468256,0.8831336,-0.02848808,2.593327,-0.01230738,0.02571921,0.9995934,0.0,0.0,0.0,0.0,1.0]}},"interpolation":"LINEAR"},{"time":0.3333333,"transformations":{"Armature_Bone_001":{"matrix":[0.8023648,0.5968204,-0.004021083,7.45058E-9,-0.596734,0.8020888,-0.02370802,2.024347,-0.01092417,0.021422,0.9997109,0.0,0.0,0.0,0.0,1.0]},"Armature_Bone_003":{"matrix":[0.9030016,0.4296361,-9.80005E-4,0.0,-0.4294873,0.902624,-0.02847298,2.593327,-0.01134844,0.02613205,0.9995941,0.0,0.0,0.0,0.0,1.0]}},"interpolation":"LINEAR"},{"time":0.375,"transformations":{"Armature_Bone_001":{"matrix":[0.8023648,0.5968204,-0.004021083,7.45058E-9,-0.596734,0.8020888,-0.02370802,2.024347,-0.01092417,0.021422,0.9997109,0.0,0.0,0.0,0.0,1.0]},"Armature_Bone_003":{"matrix":[0.9229831,0.3848396,-7.61663E-4,0.0,-0.3847039,0.9226016,-0.0284458,2.593327,-0.01024436,0.02654801,0.999595,0.0,0.0,0.0,0.0,1.0]}},"interpolation":"LINEAR"},{"time":0.4166666,"transformations":{"Armature_Bone_001":{"matrix":[0.8023648,0.5968204,-0.004021083,7.45058E-9,-0.596734,0.8020888,-0.02370802,2.024347,-0.01092417,0.021422,0.9997109,0.0,0.0,0.0,0.0,1.0]},"Armature_Bone_003":{"matrix":[0.9425439,0.3340818,-5.2141E-4,0.0,-0.333961,0.9421589,-0.02840317,2.593327,-0.008997733,0.02694537,0.9995964,0.0,0.0,0.0,0.0,1.0]}},"interpolation":"LINEAR"},{"time":0.4583333,"transformations":{"Armature_Bone_001":{"matrix":[0.8023648,0.5968204,-0.004021083,7.45058E-9,-0.596734,0.8020888,-0.02370802,2.024347,-0.01092417,0.021422,0.9997109,0.0,0.0,0.0,0.0,1.0]},"Armature_Bone_003":{"matrix":[0.9607159,0.2775333,-2.62145E-4,0.0,-0.2774289,0.9603281,-0.02834179,2.593327,-0.007614046,0.02730114,0.9995983,0.0,0.0,0.0,0.0,1.0]}},"interpolation":"LINEAR"},{"time":0.5,"transformations":{"Armature_Bone_001":{"matrix":[0.8023648,0.5968204,-0.004021083,7.45058E-9,-0.596734,0.8020888,-0.02370802,2.024347,-0.01092417,0.021422,0.9997109,0.0,0.0,0.0,0.0,1.0]},"Armature_Bone_003":{"matrix":[0.9765005,0.2155156,1.25801E-5,0.0,-0.2154292,0.9761105,-0.02825856,2.593327,-0.00610244,0.02759179,0.9996006,0.0,0.0,0.0,0.0,1.0]}},"interpolation":"LINEAR"},{"time":0.5416667,"transformations":{"Armature_Bone_001":{"matrix":[0.8057191,0.5922845,-0.003978808,7.45058E-9,-0.5921984,0.8054426,-0.02372814,2.024347,-0.01084911,0.02147446,0.9997106,0.0,0.0,0.0,0.0,1.0]},"Armature_Bone_003":{"matrix":[0.9889078,0.1485298,2.98545E-4,1.19209E-7,-0.1484627,0.9885172,-0.02815085,2.593327,-0.004476359,0.02779428,0.9996036,0.0,0.0,0.0,0.0,1.0]}},"interpolation":"LINEAR"},{"time":0.5833333,"transformations":{"Armature_Bone_001":{"matrix":[0.8152658,0.5790741,-0.00385604,7.45058E-9,-0.5789893,0.8149881,-0.0237849,2.024347,-0.01063059,0.02162362,0.9997097,0.0,0.0,0.0,0.0,1.0]},"Armature_Bone_003":{"matrix":[0.9970099,0.07727235,5.90924E-4,0.0,-0.07722551,0.9966199,-0.02801671,2.593328,-0.002753843,0.0278873,0.9996073,0.0,0.0,0.0,0.0,1.0]}},"interpolation":"LINEAR"},{"time":0.625,"transformations":{"Armature_Bone_001":{"matrix":[0.8300846,0.5576256,-0.003657793,7.45058E-9,-0.5575427,0.8298048,-0.02387152,2.024347,-0.01027611,0.02185476,0.9997084,0.0,0.0,0.0,0.0,1.0]},"Armature_Bone_003":{"matrix":[0.9999962,0.002634728,8.84412E-4,1.19209E-7,-0.002609069,0.9996086,-0.02785509,2.593326,-9.57457E-4,0.02785268,0.9996116,0.0,0.0,0.0,0.0,1.0]}},"interpolation":"LINEAR"},{"time":0.6666667,"transformations":{"Armature_Bone_001":{"matrix":[0.8490883,0.5282402,-0.003388253,7.45058E-9,-0.5281602,0.848806,-0.02397962,2.024347,-0.009791027,0.02215035,0.9997067,0.0,0.0,0.0,0.0,1.0]},"Armature_Bone_003":{"matrix":[0.997234,-0.07431658,0.001173448,-1.19209E-7,0.07432058,0.9968506,-0.02766605,2.593326,8.86293E-4,0.02767674,0.9996165,1.49012E-8,0.0,0.0,0.0,1.0]}},"interpolation":"LINEAR"},{"time":0.7083333,"transformations":{"Armature_Bone_001":{"matrix":[0.8710521,0.491181,-0.003051503,7.45058E-9,-0.4911047,0.8707671,-0.02409963,2.024347,-0.009180134,0.02249065,0.999705,0.0,0.0,0.0,0.0,1.0]},"Armature_Bone_003":{"matrix":[0.9883209,-0.1523802,0.001452488,0.0,0.1523623,0.9879434,-0.02745081,2.593326,0.002747982,0.02735151,0.9996221,0.0,0.0,0.0,0.0,1.0]}},"interpolation":"LINEAR"},{"time":0.75,"transformations":{"Armature_Bone_001":{"matrix":[0.8946481,0.4467638,-0.002652227,7.45058E-9,-0.4466917,0.8943599,-0.02422125,2.024347,-0.008449133,0.02285422,0.9997032,0.0,0.0,0.0,0.0,1.0]},"Armature_Bone_003":{"matrix":[0.9731236,-0.230278,0.001716312,0.0,0.2302385,0.9727538,-0.02721184,2.593328,0.00459674,0.02687564,0.9996282,0.0,0.0,0.0,0.0,1.0]}},"interpolation":"LINEAR"},{"time":0.7916667,"transformations":{"Armature_Bone_001":{"matrix":[0.9184901,0.3954377,-0.002196287,7.45058E-9,-0.3953707,0.9181992,-0.02433391,2.024347,-0.007605917,0.0232188,0.9997016,0.0,0.0,0.0,0.0,1.0]},"Armature_Bone_003":{"matrix":[0.9517961,-0.3067253,0.001960348,2.38419E-7,0.3066647,0.951436,-0.02695271,2.593327,0.00640193,0.02625465,0.9996348,0.0,0.0,0.0,0.0,1.0]}},"interpolation":"LINEAR"},{"time":0.8333333,"transformations":{"Armature_Bone_001":{"matrix":[0.9411977,0.3378519,-0.001691159,7.45058E-9,-0.3377904,0.9409043,-0.02442738,2.024347,-0.006661617,0.02356225,0.9997002,0.0,0.0,0.0,0.0,1.0]},"Armature_Bone_003":{"matrix":[0.9247766,-0.3805043,0.002180934,2.38419E-7,0.3804236,0.9244274,-0.02667791,2.593327,0.008134942,0.02550078,0.9996417,-1.49012E-8,0.0,0.0,0.0,1.0]}},"interpolation":"LINEAR"},{"time":0.875,"transformations":{"Armature_Bone_001":{"matrix":[0.9614733,0.2748955,-0.001146151,7.45058E-9,-0.2748402,0.9611778,-0.02449252,2.024347,-0.005631229,0.02386391,0.9996994,0.0,0.0,0.0,0.0,1.0]},"Armature_Bone_003":{"matrix":[0.892757,-0.4505325,0.00237552,0.0,0.4504327,0.8924202,-0.02639262,2.593327,0.009770766,0.0246322,0.9996489,-1.49012E-8,0.0,0.0,0.0,1.0]}},"interpolation":"LINEAR"},{"time":0.9166667,"transformations":{"Armature_Bone_001":{"matrix":[0.9781905,0.2077087,-5.72336E-4,7.45058E-9,-0.20766,0.9778936,-0.02452195,2.024347,-0.004533738,0.02410599,0.9996992,0.0,0.0,0.0,0.0,1.0]},"Armature_Bone_003":{"matrix":[0.8566355,-0.5159159,0.002542758,-2.38419E-7,0.5157984,0.8563121,-0.02610235,2.593326,0.01128922,0.02367176,0.999656,0.0,0.0,0.0,0.0,1.0]}},"interpolation":"LINEAR"},{"time":0.9583333,"transformations":{"Armature_Bone_001":{"matrix":[0.9904798,0.137658,1.77714E-5,7.45058E-9,-0.1376162,0.9901823,-0.02451078,2.024347,-0.003391703,0.02427499,0.9996997,0.0,0.0,0.0,0.0,1.0]},"Armature_Bone_003":{"matrix":[0.8174558,-0.5759848,0.0026825,0.0,0.5758517,0.8171465,-0.02581267,2.593327,0.01267572,0.02264544,0.9996632,0.0,0.0,0.0,0.0,1.0]}},"interpolation":"LINEAR"},{"time":1.0,"transformations":{"Armature_Bone_001":{"matrix":[0.9978009,0.06627859,6.1081E-4,7.45058E-9,-0.06624388,0.9975036,-0.02445704,2.024347,-0.002230263,0.0243628,0.9997007,0.0,0.0,0.0,0.0,1.0]},"Armature_Bone_003":{"matrix":[0.7763422,-0.6303055,0.002795683,2.38419E-7,0.6301579,0.7760473,-0.0255289,2.593327,0.01392142,0.02158089,0.9996702,0.0,0.0,0.0,0.0,1.0]}},"interpolation":"LINEAR"},{"time":1.041667,"transformations":{"Armature_Bone_001":{"matrix":[0.9999877,-0.004808378,0.00119331,7.45058E-9,0.004836023,0.9996914,-0.02436195,2.024347,-0.0010758,0.02436742,0.9997026,0.0,0.0,0.0,0.0,1.0]},"Armature_Bone_003":{"matrix":[0.734436,-0.678672,0.00288417,2.38419E-7,0.6785117,0.7341554,-0.0252559,2.593327,0.01502304,0.02050578,0.9996769,1.49012E-8,0.0,0.0,0.0,1.0]}},"interpolation":"LINEAR"},{"time":1.083333,"transformations":{"Armature_Bone_001":{"matrix":[0.9972575,-0.07398982,0.001752479,7.45058E-9,0.07401055,0.996963,-0.02422984,2.024347,4.56037E-5,0.02429309,0.999705,0.0,0.0,0.0,0.0,1.0]},"Armature_Bone_003":{"matrix":[0.6928468,-0.7210788,0.002950509,4.76837E-7,0.7209077,0.69258,-0.02499793,2.593327,0.01598202,0.01944677,0.9996832,0.0,0.0,0.0,0.0,1.0]}},"interpolation":"LINEAR"},{"time":1.125,"transformations":{"Armature_Bone_001":{"matrix":[0.9901839,-0.1397516,0.002276893,7.45058E-9,0.1397658,0.989892,-0.02406779,2.024347,0.001109633,0.02414977,0.9997078,0.0,0.0,0.0,0.0,1.0]},"Armature_Bone_003":{"matrix":[0.6526113,-0.7576872,0.002997726,4.76837E-7,0.7575066,0.6523579,-0.02475859,2.593327,0.01680368,0.01842853,0.9996889,0.0,0.0,0.0,0.0,1.0]}},"interpolation":"LINEAR"},{"time":1.166667,"transformations":{"Armature_Bone_001":{"matrix":[0.9796391,-0.2007482,0.00275698,7.45058E-9,0.2007562,0.9793499,-0.02388503,2.024347,0.002094829,0.02395219,0.999711,0.0,0.0,0.0,0.0,1.0]},"Armature_Bone_003":{"matrix":[0.6146715,-0.7887774,0.003029081,-2.38419E-7,0.788589,0.6144306,-0.02454088,2.593327,0.01749613,0.01747328,0.9996942,0.0,0.0,0.0,0.0,1.0]}},"interpolation":"LINEAR"},{"time":1.208333,"transformations":{"Armature_Bone_001":{"matrix":[0.9667124,-0.2558457,0.003185232,7.45058E-9,0.2558481,0.9664266,-0.02369225,2.024347,0.002983268,0.02371853,0.9997143,0.0,0.0,0.0,0.0,1.0]},"Armature_Bone_003":{"matrix":[0.579864,-0.8147078,0.003047892,-4.76837E-7,0.8145129,0.5796342,-0.02434714,2.593326,0.01806914,0.01660058,0.9996989,0.0,0.0,0.0,0.0,1.0]}},"interpolation":"LINEAR"},{"time":1.25,"transformations":{"Armature_Bone_001":{"matrix":[0.9526245,-0.3041283,0.003556131,7.45058E-9,0.3041258,0.9523419,-0.02350084,2.024347,0.003760616,0.02346898,0.9997175,0.0,0.0,0.0,0.0,1.0]},"Armature_Bone_003":{"matrix":[0.54892,-0.8358694,0.003057356,2.38419E-7,0.8356694,0.5487003,-0.0241793,2.593327,0.01853316,0.01582744,0.9997029,1.49012E-8,0.0,0.0,0.0,1.0]}},"interpolation":"LINEAR"},{"time":1.291667,"transformations":{"Armature_Bone_001":{"matrix":[0.9386408,-0.3448747,0.00386581,7.45058E-9,0.3448681,0.9383613,-0.02332224,2.024347,0.004415723,0.0232244,0.9997206,0.0,0.0,0.0,0.0,1.0]},"Armature_Bone_003":{"matrix":[0.5224788,-0.8526469,0.003060435,2.38419E-7,0.8524429,0.5222674,-0.02403891,2.593327,0.01889833,0.01516866,0.9997064,1.49012E-8,0.0,0.0,0.0,1.0]}},"interpolation":"LINEAR"},{"time":1.333333,"transformations":{"Armature_Bone_001":{"matrix":[0.925998,-0.377506,0.00411152,7.45058E-9,0.3774961,0.9257212,-0.02316745,2.024347,0.004939731,0.02300509,0.9997232,0.0,0.0,0.0,0.0,1.0]},"Armature_Bone_003":{"matrix":[0.5010988,-0.8653848,0.003059744,2.38419E-7,0.8651778,0.5008942,-0.0239273,2.593326,0.01917372,0.01463716,0.9997091,-1.49012E-8,0.0,0.0,0.0,1.0]}},"interpolation":"LINEAR"},{"time":1.375,"transformations":{"Armature_Bone_001":{"matrix":[0.9158417,-0.4015165,0.00429096,7.45058E-9,0.4015041,0.9155672,-0.02304661,2.024347,0.005324929,0.02282988,0.9997252,0.0,0.0,0.0,0.0,1.0]},"Armature_Bone_003":{"matrix":[0.4852796,-0.8743538,0.003057484,2.38419E-7,0.8741446,0.4850801,-0.02384579,2.593327,0.01936653,0.01424455,0.999711,0.0,0.0,0.0,0.0,1.0]}},"interpolation":"LINEAR"},{"time":1.416667,"transformations":{"Armature_Bone_001":{"matrix":[0.9091756,-0.4163897,0.004401517,7.45058E-9,0.4163758,0.9089023,-0.02296869,2.024347,0.005563377,0.02271526,0.9997265,0.0,0.0,0.0,0.0,1.0]},"Armature_Bone_003":{"matrix":[0.4754761,-0.8797234,0.00305536,4.76837E-7,0.879513,0.4752797,-0.02379571,2.593327,0.01948149,0.01400152,0.9997122,0.0,0.0,0.0,0.0,1.0]}},"interpolation":"LINEAR"},{"time":1.458333,"transformations":{"Armature_Bone_001":{"matrix":[0.9068119,-0.4215123,0.004439487,7.45058E-9,0.4214978,0.9065391,-0.02294131,2.024347,0.005645474,0.02267468,0.999727,0.0,0.0,0.0,0.0,1.0]},"Armature_Bone_003":{"matrix":[0.4721161,-0.8815312,0.003054504,-2.38419E-7,0.8813202,0.4719208,-0.02377862,2.593326,0.01952011,0.01391826,0.9997126,0.0,0.0,0.0,0.0,1.0]}},"interpolation":"LINEAR"},{"time":1.5,"transformations":{"Armature_Bone_001":{"matrix":[0.9068119,-0.4215123,0.004439487,7.45058E-9,0.4214978,0.9065391,-0.02294131,2.024347,0.005645474,0.02267468,0.999727,0.0,0.0,0.0,0.0,1.0]},"Armature_Bone_003":{"matrix":[0.4721161,-0.8815312,0.003054504,-2.38419E-7,0.8813202,0.4719208,-0.02377862,2.593326,0.01952011,0.01391826,0.9997126,0.0,0.0,0.0,0.0,1.0]}},"interpolation":"LINEAR"},{"time":1.541667,"transformations":{"Armature_Bone_001":{"matrix":[0.9068119,-0.4215123,0.004439487,7.45058E-9,0.4214978,0.9065391,-0.02294131,2.024347,0.005645474,0.02267468,0.999727,0.0,0.0,0.0,0.0,1.0]},"Armature_Bone_003":{"matrix":[0.4721161,-0.8815312,0.003054504,-2.38419E-7,0.8813202,0.4719208,-0.02377862,2.593326,0.01952011,0.01391826,0.9997126,0.0,0.0,0.0,0.0,1.0]}},"interpolation":"LINEAR"},{"time":1.583333,"transformations":{"Armature_Bone_001":{"matrix":[0.9068119,-0.4215123,0.004439487,7.45058E-9,0.4214978,0.9065391,-0.02294131,2.024347,0.005645474,0.02267468,0.999727,0.0,0.0,0.0,0.0,1.0]},"Armature_Bone_003":{"matrix":[0.4721161,-0.8815312,0.003054504,-2.38419E-7,0.8813202,0.4719208,-0.02377862,2.593326,0.01952011,0.01391826,0.9997126,0.0,0.0,0.0,0.0,1.0]}},"interpolation":"LINEAR"},{"time":1.625,"transformations":{"Armature_Bone_001":{"matrix":[0.9068119,-0.4215123,0.004439487,7.45058E-9,0.4214978,0.9065391,-0.02294131,2.024347,0.005645474,0.02267468,0.999727,0.0,0.0,0.0,0.0,1.0]},"Armature_Bone_003":{"matrix":[0.4721161,-0.8815312,0.003054504,-2.38419E-7,0.8813202,0.4719208,-0.02377862,2.593326,0.01952011,0.01391826,0.9997126,0.0,0.0,0.0,0.0,1.0]}},"interpolation":"LINEAR"},{"time":1.666667,"transformations":{"Armature_Bone_001":{"matrix":[0.9068119,-0.4215123,0.004439487,7.45058E-9,0.4214978,0.9065391,-0.02294131,2.024347,0.005645474,0.02267468,0.999727,0.0,0.0,0.0,0.0,1.0]},"Armature_Bone_003":{"matrix":[0.4721161,-0.8815312,0.003054504,-2.38419E-7,0.8813202,0.4719208,-0.02377862,2.593326,0.01952011,0.01391826,0.9997126,0.0,0.0,0.0,0.0,1.0]}},"interpolation":"LINEAR"},{"time":1.708333,"transformations":{"Armature_Bone_001":{"matrix":[0.9068119,-0.4215123,0.004439487,7.45058E-9,0.4214978,0.9065391,-0.02294131,2.024347,0.005645474,0.02267468,0.999727,0.0,0.0,0.0,0.0,1.0]},"Armature_Bone_003":{"matrix":[0.4721161,-0.8815312,0.003054504,-2.38419E-7,0.8813202,0.4719208,-0.02377862,2.593326,0.01952011,0.01391826,0.9997126,0.0,0.0,0.0,0.0,1.0]}},"interpolation":"LINEAR"},{"time":1.75,"transformations":{"Armature_Bone_001":{"matrix":[0.9068119,-0.4215123,0.004439487,7.45058E-9,0.4214978,0.9065391,-0.02294131,2.024347,0.005645474,0.02267468,0.999727,0.0,0.0,0.0,0.0,1.0]},"Armature_Bone_003":{"matrix":[0.4721161,-0.8815312,0.003054504,-2.38419E-7,0.8813202,0.4719208,-0.02377862,2.593326,0.01952011,0.01391826,0.9997126,0.0,0.0,0.0,0.0,1.0]}},"interpolation":"LINEAR"},{"time":1.791667,"transformations":{"Armature_Bone_001":{"matrix":[0.9068119,-0.4215123,0.004439487,7.45058E-9,0.4214978,0.9065391,-0.02294131,2.024347,0.005645474,0.02267468,0.999727,0.0,0.0,0.0,0.0,1.0]},"Armature_Bone_003":{"matrix":[0.4721161,-0.8815312,0.003054504,-2.38419E-7,0.8813202,0.4719208,-0.02377862,2.593326,0.01952011,0.01391826,0.9997126,0.0,0.0,0.0,0.0,1.0]}},"interpolation":"LINEAR"},{"time":1.833333,"transformations":{"Armature_Bone_001":{"matrix":[0.9068119,-0.4215123,0.004439487,7.45058E-9,0.4214978,0.9065391,-0.02294131,2.024347,0.005645474,0.02267468,0.999727,0.0,0.0,0.0,0.0,1.0]},"Armature_Bone_003":{"matrix":[0.4721161,-0.8815312,0.003054504,-2.38419E-7,0.8813202,0.4719208,-0.02377862,2.593326,0.01952011,0.01391826,0.9997126,0.0,0.0,0.0,0.0,1.0]}},"interpolation":"LINEAR"},{"time":1.875,"transformations":{"Armature_Bone_001":{"matrix":[0.9068119,-0.4215123,0.004439487,7.45058E-9,0.4214978,0.9065391,-0.02294131,2.024347,0.005645474,0.02267468,0.999727,0.0,0.0,0.0,0.0,1.0]},"Armature_Bone_003":{"matrix":[0.4721161,-0.8815312,0.003054504,-2.38419E-7,0.8813202,0.4719208,-0.02377862,2.593326,0.01952011,0.01391826,0.9997126,0.0,0.0,0.0,0.0,1.0]}},"interpolation":"LINEAR"},{"time":1.916667,"transformations":{"Armature_Bone_001":{"matrix":[0.9068119,-0.4215123,0.004439487,7.45058E-9,0.4214978,0.9065391,-0.02294131,2.024347,0.005645474,0.02267468,0.999727,0.0,0.0,0.0,0.0,1.0]},"Armature_Bone_003":{"matrix":[0.4721161,-0.8815312,0.003054504,-2.38419E-7,0.8813202,0.4719208,-0.02377862,2.593326,0.01952011,0.01391826,0.9997126,0.0,0.0,0.0,0.0,1.0]}},"interpolation":"LINEAR"},{"time":1.958333,"transformations":{"Armature_Bone_001":{"matrix":[0.9068119,-0.4215123,0.004439487,7.45058E-9,0.4214978,0.9065391,-0.02294131,2.024347,0.005645474,0.02267468,0.999727,0.0,0.0,0.0,0.0,1.0]},"Armature_Bone_003":{"matrix":[0.4721161,-0.8815312,0.003054504,-2.38419E-7,0.8813202,0.4719208,-0.02377862,2.593326,0.01952011,0.01391826,0.9997126,0.0,0.0,0.0,0.0,1.0]}},"interpolation":"LINEAR"},{"time":2.0,"transformations":{"Armature_Bone_001":{"matrix":[0.9068119,-0.4215123,0.004439487,7.45058E-9,0.4214978,0.9065391,-0.02294131,2.024347,0.005645474,0.02267468,0.999727,0.0,0.0,0.0,0.0,1.0]},"Armature_Bone_003":{"matrix":[0.4721161,-0.8815312,0.003054504,-2.38419E-7,0.8813202,0.4719208,-0.02377862,2.593326,0.01952011,0.01391826,0.9997126,0.0,0.0,0.0,0.0,1.0]}},"interpolation":"LINEAR"},{"time":2.041667,"transformations":{"Armature_Bone_001":{"matrix":[0.9068119,-0.4215123,0.004439487,7.45058E-9,0.4214978,0.9065391,-0.02294131,2.024347,0.005645474,0.02267468,0.999727,0.0,0.0,0.0,0.0,1.0]},"Armature_Bone_003":{"matrix":[0.4721161,-0.8815312,0.003054504,-2.38419E-7,0.8813202,0.4719208,-0.02377862,2.593326,0.01952011,0.01391826,0.9997126,0.0,0.0,0.0,0.0,1.0]}},"interpolation":"LINEAR"},{"time":2.083333,"transformations":{"Armature_Bone_001":{"matrix":[0.9068119,-0.4215123,0.004439487,7.45058E-9,0.4214978,0.9065391,-0.02294131,2.024347,0.005645474,0.02267468,0.999727,0.0,0.0,0.0,0.0,1.0]},"Armature_Bone_003":{"matrix":[0.4721161,-0.8815312,0.003054504,-2.38419E-7,0.8813202,0.4719208,-0.02377862,2.593326,0.01952011,0.01391826,0.9997126,0.0,0.0,0.0,0.0,1.0]}},"interpolation":"LINEAR"},{"time":2.125,"transformations":{"Armature_Bone_001":{"matrix":[0.9068119,-0.4215123,0.004439487,7.45058E-9,0.4214978,0.9065391,-0.02294131,2.024347,0.005645474,0.02267468,0.999727,0.0,0.0,0.0,0.0,1.0]},"Armature_Bone_003":{"matrix":[0.4721161,-0.8815312,0.003054504,-2.38419E-7,0.8813202,0.4719208,-0.02377862,2.593326,0.01952011,0.01391826,0.9997126,0.0,0.0,0.0,0.0,1.0]}},"interpolation":"LINEAR"},{"time":2.166667,"transformations":{"Armature_Bone_001":{"matrix":[0.9068119,-0.4215123,0.004439487,7.45058E-9,0.4214978,0.9065391,-0.02294131,2.024347,0.005645474,0.02267468,0.999727,0.0,0.0,0.0,0.0,1.0]},"Armature_Bone_003":{"matrix":[0.4721161,-0.8815312,0.003054504,-2.38419E-7,0.8813202,0.4719208,-0.02377862,2.593326,0.01952011,0.01391826,0.9997126,0.0,0.0,0.0,0.0,1.0]}},"interpolation":"LINEAR"},{"time":2.208333,"transformations":{"Armature_Bone_001":{"matrix":[0.9068119,-0.4215123,0.004439487,7.45058E-9,0.4214978,0.9065391,-0.02294131,2.024347,0.005645474,0.02267468,0.999727,0.0,0.0,0.0,0.0,1.0]},"Armature_Bone_003":{"matrix":[0.4721161,-0.8815312,0.003054504,-2.38419E-7,0.8813202,0.4719208,-0.02377862,2.593326,0.01952011,0.01391826,0.9997126,0.0,0.0,0.0,0.0,1.0]}},"interpolation":"LINEAR"},{"time":2.25,"transformations":{"Armature_Bone_001":{"matrix":[0.9068119,-0.4215123,0.004439487,7.45058E-9,0.4214978,0.9065391,-0.02294131,2.024347,0.005645474,0.02267468,0.999727,0.0,0.0,0.0,0.0,1.0]},"Armature_Bone_003":{"matrix":[0.4721161,-0.8815312,0.003054504,-2.38419E-7,0.8813202,0.4719208,-0.02377862,2.593326,0.01952011,0.01391826,0.9997126,0.0,0.0,0.0,0.0,1.0]}},"interpolation":"LINEAR"},{"time":2.291667,"transformations":{"Armature_Bone_001":{"matrix":[0.9068119,-0.4215123,0.004439487,7.45058E-9,0.4214978,0.9065391,-0.02294131,2.024347,0.005645474,0.02267468,0.999727,0.0,0.0,0.0,0.0,1.0]},"Armature_Bone_003":{"matrix":[0.4721161,-0.8815312,0.003054504,-2.38419E-7,0.8813202,0.4719208,-0.02377862,2.593326,0.01952011,0.01391826,0.9997126,0.0,0.0,0.0,0.0,1.0]}},"interpolation":"LINEAR"},{"time":2.333333,"transformations":{"Armature_Bone_001":{"matrix":[0.9068119,-0.4215123,0.004439487,7.45058E-9,0.4214978,0.9065391,-0.02294131,2.024347,0.005645474,0.02267468,0.999727,0.0,0.0,0.0,0.0,1.0]},"Armature_Bone_003":{"matrix":[0.4721161,-0.8815312,0.003054504,-2.38419E-7,0.8813202,0.4719208,-0.02377862,2.593326,0.01952011,0.01391826,0.9997126,0.0,0.0,0.0,0.0,1.0]}},"interpolation":"LINEAR"},{"time":2.375,"transformations":{"Armature_Bone_001":{"matrix":[0.9068119,-0.4215123,0.004439487,7.45058E-9,0.4214978,0.9065391,-0.02294131,2.024347,0.005645474,0.02267468,0.999727,0.0,0.0,0.0,0.0,1.0]},"Armature_Bone_003":{"matrix":[0.4721161,-0.8815312,0.003054504,-2.38419E-7,0.8813202,0.4719208,-0.02377862,2.593326,0.01952011,0.01391826,0.9997126,0.0,0.0,0.0,0.0,1.0]}},"interpolation":"LINEAR"},{"time":2.416667,"transformations":{"Armature_Bone_001":{"matrix":[0.9068119,-0.4215123,0.004439487,7.45058E-9,0.4214978,0.9065391,-0.02294131,2.024347,0.005645474,0.02267468,0.999727,0.0,0.0,0.0,0.0,1.0]},"Armature_Bone_003":{"matrix":[0.4721161,-0.8815312,0.003054504,-2.38419E-7,0.8813202,0.4719208,-0.02377862,2.593326,0.01952011,0.01391826,0.9997126,0.0,0.0,0.0,0.0,1.0]}},"interpolation":"LINEAR"},{"time":2.458333,"transformations":{"Armature_Bone_001":{"matrix":[0.9068119,-0.4215123,0.004439487,7.45058E-9,0.4214978,0.9065391,-0.02294131,2.024347,0.005645474,0.02267468,0.999727,0.0,0.0,0.0,0.0,1.0]},"Armature_Bone_003":{"matrix":[0.4721161,-0.8815312,0.003054504,-2.38419E-7,0.8813202,0.4719208,-0.02377862,2.593326,0.01952011,0.01391826,0.9997126,0.0,0.0,0.0,0.0,1.0]}},"interpolation":"LINEAR"},{"time":2.5,"transformations":{"Armature_Bone_001":{"matrix":[0.9068119,-0.4215123,0.004439487,7.45058E-9,0.4214978,0.9065391,-0.02294131,2.024347,0.005645474,0.02267468,0.999727,0.0,0.0,0.0,0.0,1.0]},"Armature_Bone_003":{"matrix":[0.4721161,-0.8815312,0.003054504,-2.38419E-7,0.8813202,0.4719208,-0.02377862,2.593326,0.01952011,0.01391826,0.9997126,0.0,0.0,0.0,0.0,1.0]}},"interpolation":"LINEAR"},{"time":2.541667,"transformations":{"Armature_Bone_001":{"matrix":[0.9068119,-0.4215123,0.004439487,7.45058E-9,0.4214978,0.9065391,-0.02294131,2.024347,0.005645474,0.02267468,0.999727,0.0,0.0,0.0,0.0,1.0]},"Armature_Bone_003":{"matrix":[0.4721161,-0.8815312,0.003054504,-2.38419E-7,0.8813202,0.4719208,-0.02377862,2.593326,0.01952011,0.01391826,0.9997126,0.0,0.0,0.0,0.0,1.0]}},"interpolation":"LINEAR"},{"time":2.583333,"transformations":{"Armature_Bone_001":{"matrix":[0.9068119,-0.4215123,0.004439487,7.45058E-9,0.4214978,0.9065391,-0.02294131,2.024347,0.005645474,0.02267468,0.999727,0.0,0.0,0.0,0.0,1.0]},"Armature_Bone_003":{"matrix":[0.4721161,-0.8815312,0.003054504,-2.38419E-7,0.8813202,0.4719208,-0.02377862,2.593326,0.01952011,0.01391826,0.9997126,0.0,0.0,0.0,0.0,1.0]}},"interpolation":"LINEAR"},{"time":2.625,"transformations":{"Armature_Bone_001":{"matrix":[0.9068119,-0.4215123,0.004439487,7.45058E-9,0.4214978,0.9065391,-0.02294131,2.024347,0.005645474,0.02267468,0.999727,0.0,0.0,0.0,0.0,1.0]},"Armature_Bone_003":{"matrix":[0.4721161,-0.8815312,0.003054504,-2.38419E-7,0.8813202,0.4719208,-0.02377862,2.593326,0.01952011,0.01391826,0.9997126,0.0,0.0,0.0,0.0,1.0]}},"interpolation":"LINEAR"},{"time":2.666667,"transformations":{"Armature_Bone_001":{"matrix":[0.9068119,-0.4215123,0.004439487,7.45058E-9,0.4214978,0.9065391,-0.02294131,2.024347,0.005645474,0.02267468,0.999727,0.0,0.0,0.0,0.0,1.0]},"Armature_Bone_003":{"matrix":[0.4721161,-0.8815312,0.003054504,-2.38419E-7,0.8813202,0.4719208,-0.02377862,2.593326,0.01952011,0.01391826,0.9997126,0.0,0.0,0.0,0.0,1.0]}},"interpolation":"LINEAR"},{"time":2.708333,"transformations":{"Armature_Bone_001":{"matrix":[0.9068119,-0.4215123,0.004439487,7.45058E-9,0.4214978,0.9065391,-0.02294131,2.024347,0.005645474,0.02267468,0.999727,0.0,0.0,0.0,0.0,1.0]},"Armature_Bone_003":{"matrix":[0.4721161,-0.8815312,0.003054504,-2.38419E-7,0.8813202,0.4719208,-0.02377862,2.593326,0.01952011,0.01391826,0.9997126,0.0,0.0,0.0,0.0,1.0]}},"interpolation":"LINEAR"},{"time":2.75,"transformations":{"Armature_Bone_001":{"matrix":[0.9068119,-0.4215123,0.004439487,7.45058E-9,0.4214978,0.9065391,-0.02294131,2.